0 3062.41 3062.41 1958.05 1534.43 0 -0.432772 -0.495139 0.210422 -0.349656 0.0243246 0.936562 0.768658 0.578979 0.271933 -0.535635 0.81498 -0.221141 0.0208975 -0.0302932 0.0237502 4000 3000 
1 3062.41 3062.41 1958.05 1534.43 0 0.755358 -0.727426 1.3124 0.928325 0.0155014 0.371445 0.189853 0.839259 -0.509509 -0.319637 0.54351 0.776163 0.0208975 -0.0302932 0.0237502 4000 3000 
2 3062.41 3062.41 1958.05 1534.43 0 -0.383296 -0.7703 0.973996 -0.257702 -0.0133819 -0.966132 -0.669628 0.723308 0.168595 0.696555 0.690396 -0.195359 0.0208975 -0.0302932 0.0237502 4000 3000 
3 3062.41 3062.41 1958.05 1534.43 0 -0.386606 -0.168402 0.362113 -0.272396 0.0122372 -0.962108 -0.659295 0.725917 0.195895 0.700808 0.687673 -0.189669 0.0208975 -0.0302932 0.0237502 4000 3000 
4 3062.41 3062.41 1958.05 1534.43 0 -0.0291057 -0.516802 0.716928 -0.288972 0.0245643 -0.957022 -0.650597 0.728311 0.215141 0.702295 0.684806 -0.19448 0.0208975 -0.0302932 0.0237502 4000 3000 
5 3062.41 3062.41 1958.05 1534.43 0 -0.0832275 -0.126633 0.010502 0.999536 0.0117083 0.0281121 0.00941612 0.759073 -0.650937 -0.0289604 0.6509 0.758611 0.0208975 -0.0302932 0.0237502 4000 3000 
6 3062.41 3062.41 1958.05 1534.43 0 0.395984 -0.526395 0.393105 -0.471662 0.0183361 -0.881589 -0.465404 0.844008 0.266552 0.748955 0.536018 -0.389552 0.0208975 -0.0302932 0.0237502 4000 3000 
7 3062.41 3062.41 1958.05 1534.43 0 -0.492671 -0.201809 0.228224 0.653386 0.0202587 0.756754 0.312553 0.903245 -0.29404 -0.689491 0.428647 0.583835 0.0208975 -0.0302932 0.0237502 4000 3000 
8 3062.41 3062.41 1958.05 1534.43 0 0.0801848 -0.238277 0.427587 -0.959376 0.00832715 0.282007 0.197951 0.732096 0.651806 -0.201028 0.681151 -0.704004 0.0208975 -0.0302932 0.0237502 4000 3000 
9 3062.41 3062.41 1958.05 1534.43 0 0.255497 -0.440739 0.731271 -0.663817 0.022094 -0.747569 -0.286673 0.915701 0.281619 0.690772 0.401251 -0.601524 0.0208975 -0.0302932 0.0237502 4000 3000 
10 3062.41 3062.41 1958.05 1534.43 0 -0.167792 -0.683078 0.660494 -0.927659 0.0234657 0.372691 0.219027 0.842518 0.492129 -0.30245 0.538157 -0.786709 0.0208975 -0.0302932 0.0237502 4000 3000 
11 3062.41 3062.41 1958.05 1534.43 0 -0.352549 -0.379902 0.541974 0.972014 0.00870444 -0.23476 -0.17053 0.713469 -0.679619 0.161578 0.700633 0.694986 0.0208975 -0.0302932 0.0237502 4000 3000 
12 3062.41 3062.41 1958.05 1534.43 0 0.354299 -0.674856 0.852453 0.974209 0.0164794 -0.225047 -0.168368 0.717089 -0.676339 0.150233 0.696786 0.701369 0.0208975 -0.0302932 0.0237502 4000 3000 
13 3062.41 3062.41 1958.05 1534.43 0 -0.433575 -0.314536 0.144304 0.481527 0.0113842 0.876357 0.625828 0.695555 -0.352906 -0.613572 0.718383 0.327804 0.0208975 -0.0302932 0.0237502 4000 3000 
14 3062.41 3062.41 1958.05 1534.43 0 -0.0743344 -0.76968 0.632674 -0.976728 0.0165674 0.213842 0.158326 0.728287 0.666732 -0.144693 0.685072 -0.713961 0.0208975 -0.0302932 0.0237502 4000 3000 
15 3062.41 3062.41 1958.05 1534.43 0 0.41523 -1.15206 1.31048 0.999969 0.00715257 -0.00313936 -0.00726023 0.702801 -0.71135 -0.00288164 0.711351 0.702831 0.0208975 -0.0302932 0.0237502 4000 3000 
16 3062.41 3062.41 1958.05 1534.43 0 -0.407632 -0.276987 0.0809761 0.421396 0.0164656 0.906727 0.67711 0.659407 -0.326657 -0.603281 0.751606 0.266722 0.0208975 -0.0302932 0.0237502 4000 3000 
17 3062.41 3062.41 1958.05 1534.43 0 0.419154 -0.237572 0.39375 0.237274 0.0196909 0.971243 0.679352 0.711296 -0.180386 -0.694393 0.702617 0.155395 0.0208975 -0.0302932 0.0237502 4000 3000 
18 3062.41 3062.41 1958.05 1534.43 0 0.471562 -0.407207 0.560298 0.234616 0.0185348 0.971912 0.680084 0.711264 -0.177734 -0.69458 0.702681 0.154268 0.0208975 -0.0302932 0.0237502 4000 3000 
19 3062.41 3062.41 1958.05 1534.43 0 -0.219775 -0.850225 1.02776 0.967032 0.00539654 -0.2546 -0.182755 0.710953 -0.679077 0.177344 0.703219 0.6885 0.0208975 -0.0302932 0.0237502 4000 3000 
20 3062.41 3062.41 1958.05 1534.43 0 0.051402 -0.460717 0.61663 0.978309 -0.00282822 -0.207129 -0.144987 0.704811 -0.694421 0.147951 0.70939 0.689113 0.0208975 -0.0302932 0.0237502 4000 3000 
21 3062.41 3062.41 1958.05 1534.43 0 -0.502585 -0.439549 0.759415 -0.51914 0.0305842 0.854142 0.366803 0.91062 0.190333 -0.771977 0.412112 -0.483958 0.0208975 -0.0302932 0.0237502 4000 3000 
22 3062.41 3062.41 1958.05 1534.43 0 -0.46484 -0.379329 0.210178 0.299077 0.0143576 0.954121 0.680753 0.697461 -0.223883 -0.668676 0.716479 0.198821 0.0208975 -0.0302932 0.0237502 4000 3000 
23 3062.41 3062.41 1958.05 1534.43 0 -0.438231 -0.387022 0.54396 0.974954 -0.00194224 -0.222399 -0.155494 0.709006 -0.687846 0.159018 0.7052 0.690946 0.0208975 -0.0302932 0.0237502 4000 3000 
24 3062.41 3062.41 1958.05 1534.43 0 -0.247267 -0.227892 0.41926 -0.960252 -0.00427856 0.279102 0.186748 0.733305 0.65375 -0.207464 0.679887 -0.703358 0.0208975 -0.0302932 0.0237502 4000 3000 
25 3062.41 3062.41 1958.05 1534.43 0 -0.201636 -0.184616 -0.0999243 0.961613 0.0107524 0.274198 0.147076 0.823389 -0.548087 -0.231665 0.567375 0.7902 0.0208975 -0.0302932 0.0237502 4000 3000 
26 3062.41 3062.41 1958.05 1534.43 0 0.238549 -0.120142 0.286066 0.252839 0.0256618 0.967168 0.675431 0.711053 -0.195439 -0.692723 0.70267 0.162449 0.0208975 -0.0302932 0.0237502 4000 3000 
27 3062.41 3062.41 1958.05 1534.43 0 0.237725 -0.716139 0.475505 -0.937617 0.0124965 -0.347446 -0.243962 0.68836 0.683113 0.247705 0.725261 -0.642369 0.0208975 -0.0302932 0.0237502 4000 3000 
28 3062.41 3062.41 1958.05 1534.43 0 0.319346 -0.0983187 -0.0949485 0.757199 -0.0021991 -0.65318 -0.485884 0.666424 -0.565505 0.436539 0.745569 0.503548 0.0208975 -0.0302932 0.0237502 4000 3000 
29 3062.41 3062.41 1958.05 1534.43 0 0.463771 -0.429294 0.212455 -0.00509072 0.00699518 -0.999963 -0.723233 0.690551 0.00851263 0.690585 0.72325 0.00154374 0.0208975 -0.0302932 0.0237502 4000 3000 
30 3062.41 3062.41 1958.05 1534.43 0 0.41891 -0.399745 0.556175 0.972145 0.0142405 -0.233947 -0.173758 0.713669 -0.678591 0.157298 0.700339 0.696264 0.0208975 -0.0302932 0.0237502 4000 3000 
31 3062.41 3062.41 1958.05 1534.43 0 -0.246835 -0.165699 0.0658022 0.910269 0.0112866 0.413863 0.259543 0.763261 -0.591667 -0.322563 0.645992 0.691844 0.0208975 -0.0302932 0.0237502 4000 3000 
32 3062.41 3062.41 1958.05 1534.43 0 -0.0453584 0.0924148 -0.192311 0.999643 -0.00206525 -0.0266481 -0.0215138 0.52944 -0.848074 0.0158601 0.848345 0.529207 0.0208975 -0.0302932 0.0237502 4000 3000 
33 3062.41 3062.41 1958.05 1534.43 0 -0.473134 -0.366449 0.11706 -0.0123322 0.0248203 0.999616 0.816697 0.57705 -0.00425251 -0.576934 0.816331 -0.027387 0.0208975 -0.0302932 0.0237502 4000 3000 
34 3062.41 3062.41 1958.05 1534.43 0 0.489562 -1.13129 1.29946 0.999947 0.00868264 -0.00561865 -0.0101139 0.707523 -0.706618 -0.00215998 0.706637 0.707573 0.0208975 -0.0302932 0.0237502 4000 3000 
35 3062.41 3062.41 1958.05 1534.43 0 0.131877 0.102765 0.0616867 0.249148 0.0165682 0.968324 0.683749 0.705086 -0.187992 -0.685867 0.708928 0.164343 0.0208975 -0.0302932 0.0237502 4000 3000 
36 3062.41 3062.41 1958.05 1534.43 0 -0.358352 -0.0468785 -0.1095 0.744528 0.0136737 0.667451 0.555486 0.541857 -0.630734 -0.370288 0.840359 0.395832 0.0208975 -0.0302932 0.0237502 4000 3000 
37 3062.41 3062.41 1958.05 1534.43 0 -0.416181 -0.480806 0.642119 0.978519 -0.0118351 -0.205817 -0.136297 0.711894 -0.688934 0.154673 0.702187 0.694989 0.0208975 -0.0302932 0.0237502 4000 3000 
38 3062.41 3062.41 1958.05 1534.43 0 0.422774 -0.311423 0.098351 0.340952 0.00390749 -0.940073 -0.685365 0.685489 -0.245723 0.643449 0.728072 0.236397 0.0208975 -0.0302932 0.0237502 4000 3000 
39 3062.41 3062.41 1958.05 1534.43 0 0.481341 -0.470036 0.276444 -0.147614 0.00770548 -0.989015 -0.688622 0.716977 0.108366 0.709936 0.697054 -0.10053 0.0208975 -0.0302932 0.0237502 4000 3000 
40 3062.41 3062.41 1958.05 1534.43 0 -0.437873 -0.815638 0.986777 0.973762 -0.00426118 -0.227528 -0.157079 0.710857 -0.685572 0.164661 0.703324 0.691536 0.0208975 -0.0302932 0.0237502 4000 3000 
41 3062.41 3062.41 1958.05 1534.43 0 -0.368424 -0.448903 0.652085 -0.943501 0.0250357 0.330424 0.244794 0.724734 0.644078 -0.223344 0.688573 -0.689916 0.0208975 -0.0302932 0.0237502 4000 3000 
42 3062.41 3062.41 1958.05 1534.43 0 -0.100724 0.27482 0.10261 -0.950917 0.00169544 0.30944 0.309442 0.00978012 0.950868 -0.00141422 0.999951 -0.00982473 0.0208975 -0.0302932 0.0237502 4000 3000 
43 3062.41 3062.41 1958.05 1534.43 0 0.471208 0.101378 0.0547452 0.245792 0.0255037 0.968987 0.68227 0.705538 -0.191634 -0.688544 0.708213 0.156015 0.0208975 -0.0302932 0.0237502 4000 3000 
44 3062.41 3062.41 1958.05 1534.43 0 0.328759 0.10276 0.0565985 0.248545 0.0263363 0.968262 0.682169 0.704912 -0.194281 -0.687656 0.708806 0.157237 0.0208975 -0.0302932 0.0237502 4000 3000 
45 3062.41 3062.41 1958.05 1534.43 0 0.306197 -0.371503 0.530344 0.97313 0.0166999 -0.22965 -0.171912 0.716204 -0.676386 0.153181 0.697691 0.69983 0.0208975 -0.0302932 0.0237502 4000 3000 
46 3062.41 3062.41 1958.05 1534.43 0 -0.489068 -0.475335 0.348976 -0.0716128 0.0268506 0.997071 0.560218 0.828151 0.017935 -0.825244 0.559862 -0.0743484 0.0208975 -0.0302932 0.0237502 4000 3000 
47 3062.41 3062.41 1958.05 1534.43 0 -0.147134 -0.174561 -0.116171 0.987763 0.00946814 0.155676 0.0805887 0.823593 -0.561426 -0.133529 0.567102 0.812752 0.0208975 -0.0302932 0.0237502 4000 3000 
48 3062.41 3062.41 1958.05 1534.43 0 -0.126002 -0.348298 0.536565 -0.281106 0.0180932 -0.959506 -0.655604 0.726527 0.205772 0.70083 0.6869 -0.192369 0.0208975 -0.0302932 0.0237502 4000 3000 
49 3062.41 3062.41 1958.05 1534.43 0 0.374132 -0.256166 0.0444915 0.506088 0.00376667 -0.862474 -0.63327 0.680505 -0.368622 0.585529 0.732734 0.34678 0.0208975 -0.0302932 0.0237502 4000 3000 
50 3062.41 3062.41 1958.05 1534.43 0 -0.434727 -0.408373 0.198076 0.0691061 0.0233919 0.997335 0.746216 0.6623 -0.0672397 -0.662108 0.748874 0.0283136 0.0208975 -0.0302932 0.0237502 4000 3000 
51 3062.41 3062.41 1958.05 1534.43 0 0.0364918 -0.675079 0.669639 -0.998117 0.0175357 -0.0587732 -0.0162945 0.848006 0.529736 0.0591294 0.529696 -0.846124 0.0208975 -0.0302932 0.0237502 4000 3000 
52 3062.41 3062.41 1958.05 1534.43 0 -0.142737 0.0767139 -0.181586 0.983766 0.00428178 0.179408 0.149761 0.531239 -0.83388 -0.0988789 0.847211 0.521974 0.0208975 -0.0302932 0.0237502 4000 3000 
53 3062.41 3062.41 1958.05 1534.43 0 0.510007 -0.418081 0.186935 -0.149005 0.00879835 -0.988797 -0.722815 0.681407 0.114987 0.674785 0.731851 -0.0951738 0.0208975 -0.0302932 0.0237502 4000 3000 
54 3062.41 3062.41 1958.05 1534.43 0 -0.593284 -0.305814 0.460165 0.167354 0.026952 0.985528 0.414784 0.904928 -0.0951828 -0.894397 0.424711 0.140264 0.0208975 -0.0302932 0.0237502 4000 3000 
55 3062.41 3062.41 1958.05 1534.43 0 -0.195469 -0.537885 0.748366 -0.946093 0.00986139 0.323745 0.227664 0.731213 0.643037 -0.230385 0.682078 -0.69404 0.0208975 -0.0302932 0.0237502 4000 3000 
56 3062.41 3062.41 1958.05 1534.43 0 -0.583169 -0.374535 0.615657 -0.183707 0.027404 0.982599 0.415097 0.908274 0.0522757 -0.891037 0.417477 -0.178232 0.0208975 -0.0302932 0.0237502 4000 3000 
57 3062.41 3062.41 1958.05 1534.43 0 0.0220232 -0.433107 0.631732 -0.26068 0.00445852 -0.965415 -0.666627 0.722492 0.183338 0.698322 0.691365 -0.185367 0.0208975 -0.0302932 0.0237502 4000 3000 
58 3062.41 3062.41 1958.05 1534.43 0 0.0229533 -0.779389 0.943771 0.977454 -0.00328847 -0.211121 -0.146996 0.707183 -0.691581 0.151575 0.707023 0.690756 0.0208975 -0.0302932 0.0237502 4000 3000 
59 3062.41 3062.41 1958.05 1534.43 0 -0.0548571 -0.180357 0.365003 -0.261715 0.0172755 -0.964991 -0.661271 0.725074 0.192324 0.703012 0.688455 -0.178338 0.0208975 -0.0302932 0.0237502 4000 3000 
60 3062.41 3062.41 1958.05 1534.43 0 -0.435405 -0.158449 -0.0318284 0.4915 0.0166708 0.870718 0.716277 0.560954 -0.415062 -0.495352 0.827679 0.263768 0.0208975 -0.0302932 0.0237502 4000 3000 
61 3062.41 3062.41 1958.05 1534.43 0 0.157346 -0.117256 0.287485 0.251595 0.0196833 0.967632 0.676924 0.710982 -0.19047 -0.691718 0.702935 0.165556 0.0208975 -0.0302932 0.0237502 4000 3000 
62 3062.41 3062.41 1958.05 1534.43 0 0.251252 -0.86568 1.02623 0.96249 0.00278001 -0.271302 -0.194399 0.704611 -0.682446 0.189265 0.709589 0.678721 0.0208975 -0.0302932 0.0237502 4000 3000 
63 3062.41 3062.41 1958.05 1534.43 0 -0.2678 -0.658838 0.62551 -0.806331 0.0270325 0.590847 0.338418 0.840365 0.423392 -0.485081 0.541347 -0.68676 0.0208975 -0.0302932 0.0237502 4000 3000 
64 3062.41 3062.41 1958.05 1534.43 0 0.243957 0.101555 0.0595192 0.248694 0.0257452 0.96824 0.680828 0.706379 -0.193654 -0.68893 0.707366 0.158144 0.0208975 -0.0302932 0.0237502 4000 3000 
65 3062.41 3062.41 1958.05 1534.43 0 -0.379452 -0.565367 0.263336 -0.544156 0.0214751 0.838709 0.68936 0.581236 0.432375 -0.478202 0.813452 -0.331087 0.0208975 -0.0302932 0.0237502 4000 3000 
66 3062.41 3062.41 1958.05 1534.43 0 -0.395184 0.319639 0.0971518 -0.953408 -0.00118303 0.301683 0.301646 0.0124592 0.953339 -0.00488656 0.999922 -0.0115218 0.0208975 -0.0302932 0.0237502 4000 3000 
67 3062.41 3062.41 1958.05 1534.43 0 -0.603089 -0.32632 0.517659 0.0425134 0.0307791 0.998622 0.418936 0.906861 -0.0457859 -0.90702 0.420305 0.0256593 0.0208975 -0.0302932 0.0237502 4000 3000 
68 3062.41 3062.41 1958.05 1534.43 0 0.170219 -0.645425 0.624972 -0.93635 0.0153411 -0.350732 -0.172432 0.850138 0.497527 0.305803 0.526337 -0.793381 0.0208975 -0.0302932 0.0237502 4000 3000 
69 3062.41 3062.41 1958.05 1534.43 0 0.10612 -0.660906 0.653291 -0.978042 0.0154496 -0.207835 -0.0967221 0.849698 0.518322 0.184605 0.527043 -0.829546 0.0208975 -0.0302932 0.0237502 4000 3000 
70 3062.41 3062.41 1958.05 1534.43 0 -0.471801 -0.349296 0.1621 0.389292 0.021282 0.920869 0.512409 0.825761 -0.235702 -0.765434 0.563618 0.310557 0.0208975 -0.0302932 0.0237502 4000 3000 
71 3062.41 3062.41 1958.05 1534.43 0 -0.085986 -0.664707 0.830264 0.249572 0.0257932 0.968013 0.683167 0.703778 -0.194886 -0.686292 0.709952 0.158022 0.0208975 -0.0302932 0.0237502 4000 3000 
72 3062.41 3062.41 1958.05 1534.43 0 0.105842 -0.400779 0.591594 -0.953425 0.0140842 0.301302 0.215561 0.730532 0.647963 -0.210985 0.682733 -0.699544 0.0208975 -0.0302932 0.0237502 4000 3000 
73 3062.41 3062.41 1958.05 1534.43 0 0.309944 -0.406708 0.566164 0.234021 0.0142648 0.972127 0.679983 0.712248 -0.174144 -0.69488 0.701783 0.156981 0.0208975 -0.0302932 0.0237502 4000 3000 
74 3062.41 3062.41 1958.05 1534.43 0 0.475886 -0.333147 0.0772437 -0.146165 -0.00269507 -0.989257 -0.808628 0.576385 0.117906 0.569875 0.817174 -0.0864264 0.0208975 -0.0302932 0.0237502 4000 3000 
75 3062.41 3062.41 1958.05 1534.43 0 -0.420475 -0.692076 0.860801 0.976709 0.00100851 -0.214564 -0.151749 0.710217 -0.687433 0.151694 0.703983 0.693828 0.0208975 -0.0302932 0.0237502 4000 3000 
77 3062.41 3062.41 1958.05 1534.43 0 0.626969 0.0368332 0.105638 0.244691 0.0254321 0.969267 0.683752 0.70425 -0.191091 -0.687466 0.709497 0.154934 0.0208975 -0.0302932 0.0237502 4000 3000 
78 3062.41 3062.41 1958.05 1534.43 0 0.392465 -0.31881 0.0757287 0.372801 0.00731998 -0.927882 -0.504224 0.841048 -0.19595 0.778959 0.540911 0.317234 0.0208975 -0.0302932 0.0237502 4000 3000 
79 3062.41 3062.41 1958.05 1534.43 0 0.206265 -1.16403 1.31914 0.999738 0.0017137 -0.0228153 -0.0174926 0.700001 -0.713928 0.0147473 0.71414 0.699847 0.0208975 -0.0302932 0.0237502 4000 3000 
80 3062.41 3062.41 1958.05 1534.43 0 0.0173608 -0.769989 0.634871 -0.999332 0.0132549 0.0340619 0.032961 0.729546 0.683137 -0.0157949 0.683803 -0.729496 0.0208975 -0.0302932 0.0237502 4000 3000 
81 3062.41 3062.41 1958.05 1534.43 0 0.0879665 -0.235714 0.397995 0.243721 0.00782421 0.969814 0.682001 0.709581 -0.177117 -0.689547 0.704581 0.167604 0.0208975 -0.0302932 0.0237502 4000 3000 
82 3062.41 3062.41 1958.05 1534.43 0 0.675371 -0.060726 0.201094 0.244264 0.0299428 0.969246 0.680544 0.706738 -0.19334 -0.690793 0.706841 0.152254 0.0208975 -0.0302932 0.0237502 4000 3000 
83 3062.41 3062.41 1958.05 1534.43 0 -0.386362 -0.256293 0.0850535 0.641798 0.0088477 0.766823 0.547944 0.694281 -0.466616 -0.536519 0.719649 0.44074 0.0208975 -0.0302932 0.0237502 4000 3000 
84 3062.41 3062.41 1958.05 1534.43 0 0.354757 -0.767559 0.935625 0.978534 0.000365696 -0.206085 -0.145551 0.709173 -0.689847 0.145897 0.705034 0.694003 0.0208975 -0.0302932 0.0237502 4000 3000 
85 3062.41 3062.41 1958.05 1534.43 0 -0.288017 -0.635296 0.314992 -0.74469 0.0168437 0.667198 0.549056 0.583805 0.598088 -0.379439 0.811719 -0.444002 0.0208975 -0.0302932 0.0237502 4000 3000 
86 3062.41 3062.41 1958.05 1534.43 0 0.399796 -0.0400132 0.200092 0.244964 0.0283377 0.969118 0.681755 0.705674 -0.192961 -0.68935 0.707969 0.153545 0.0208975 -0.0302932 0.0237502 4000 3000 
87 3062.41 3062.41 1958.05 1534.43 0 -0.0326149 -0.156446 0.341937 -0.951477 0.0295903 0.306292 0.231382 0.724987 0.648734 -0.202862 0.688126 -0.696656 0.0208975 -0.0302932 0.0237502 4000 3000 
88 3062.41 3062.41 1958.05 1534.43 0 0.452829 -1.15032 1.3107 0.999968 0.0077602 -0.00179447 -0.00673645 0.703779 -0.710387 -0.00424983 0.710377 0.703809 0.0208975 -0.0302932 0.0237502 4000 3000 
89 3062.41 3062.41 1958.05 1534.43 0 0.0878904 -0.85512 1.02987 0.963461 0.0042787 -0.267815 -0.19149 0.710125 -0.677535 0.187283 0.704063 0.684997 0.0208975 -0.0302932 0.0237502 4000 3000 
90 3062.41 3062.41 1958.05 1534.43 0 -0.470792 -0.42608 0.618996 -0.266256 -0.0067283 -0.963879 -0.661871 0.728239 0.177748 0.700738 0.68529 -0.198352 0.0208975 -0.0302932 0.0237502 4000 3000 
91 3062.41 3062.41 1958.05 1534.43 0 -0.264276 -0.16484 -0.00844781 0.879134 0.00493446 0.476549 0.342345 0.68911 -0.638691 -0.331546 0.72464 0.604131 0.0208975 -0.0302932 0.0237502 4000 3000 
92 3062.41 3062.41 1958.05 1534.43 0 -0.298352 -0.216483 -0.04877 0.864596 0.011917 0.502327 0.276519 0.823434 -0.495474 -0.419538 0.567287 0.708642 0.0208975 -0.0302932 0.0237502 4000 3000 
93 3062.41 3062.41 1958.05 1534.43 0 0.480098 -0.198481 -0.0104262 0.209915 -0.00143625 -0.977718 -0.763403 0.62454 -0.164819 0.610862 0.780991 0.130004 0.0208975 -0.0302932 0.0237502 4000 3000 
94 3062.41 3062.41 1958.05 1534.43 0 -0.408607 0.130192 0.0963811 -0.955299 -0.0104795 0.295454 0.295303 0.0138996 0.955303 -0.0141178 0.999848 -0.0101837 0.0208975 -0.0302932 0.0237502 4000 3000 
95 3062.41 3062.41 1958.05 1534.43 0 -0.228331 0.0435676 -0.163326 0.926219 0.00921878 0.376874 0.314679 0.531598 -0.786371 -0.207595 0.846946 0.489476 0.0208975 -0.0302932 0.0237502 4000 3000 
96 3062.41 3062.41 1958.05 1534.43 0 -0.291754 -0.504951 0.909432 -0.904295 0.026755 0.42607 0.1944 0.914361 0.355179 -0.380079 0.404015 -0.832053 0.0208975 -0.0302932 0.0237502 4000 3000 
97 3062.41 3062.41 1958.05 1534.43 0 0.429069 -0.115988 0.273683 0.244063 0.0186069 0.969581 0.680066 0.709478 -0.184801 -0.691334 0.704482 0.160503 0.0208975 -0.0302932 0.0237502 4000 3000 
98 3062.41 3062.41 1958.05 1534.43 0 0.132599 0.101014 0.0589247 0.248916 0.0199143 0.96832 0.684298 0.703911 -0.190382 -0.685403 0.710009 0.161588 0.0208975 -0.0302932 0.0237502 4000 3000 
99 3062.41 3062.41 1958.05 1534.43 0 -0.421694 -0.287602 0.489036 -0.954608 0.022582 0.297008 0.219799 0.726356 0.651226 -0.201027 0.686948 -0.698348 0.0208975 -0.0302932 0.0237502 4000 3000 
100 3062.41 3062.41 1958.05 1534.43 0 0.292613 -0.57219 0.769769 -0.946236 0.017254 0.323017 0.233073 0.728808 0.643829 -0.224309 0.684501 -0.693646 0.0208975 -0.0302932 0.0237502 4000 3000 
101 3062.41 3062.41 1958.05 1534.43 0 0.0402581 -0.689256 0.872315 0.975636 0.00888656 -0.219217 -0.15936 0.71546 -0.680236 0.150796 0.698597 0.699445 0.0208975 -0.0302932 0.0237502 4000 3000 
102 3062.41 3062.41 1958.05 1534.43 0 -0.363495 -0.254188 0.445509 -0.265966 -0.00743189 -0.963954 -0.66758 0.722795 0.17862 0.695413 0.691023 -0.1972 0.0208975 -0.0302932 0.0237502 4000 3000 
103 3062.41 3062.41 1958.05 1534.43 0 -0.314344 -0.694517 0.548581 -0.684842 0.0191587 0.728439 0.514051 0.721222 0.464317 -0.516471 0.692439 -0.503772 0.0208975 -0.0302932 0.0237502 4000 3000 
104 3062.41 3062.41 1958.05 1534.43 0 -0.278855 -0.129444 0.0734014 0.956573 0.0166887 0.291015 0.110507 0.903073 -0.415028 -0.269734 0.429164 0.86201 0.0208975 -0.0302932 0.0237502 4000 3000 
105 3062.41 3062.41 1958.05 1534.43 0 0.406925 -1.09872 1.26798 0.999958 0.00471598 -0.00787203 -0.00889847 0.707905 -0.706251 0.00224198 0.706292 0.707918 0.0208975 -0.0302932 0.0237502 4000 3000 
106 3062.41 3062.41 1958.05 1534.43 0 -0.0620232 -0.763917 0.982817 -0.265613 0.005354 -0.964065 -0.659505 0.728389 0.185748 0.703208 0.685143 -0.189939 0.0208975 -0.0302932 0.0237502 4000 3000 
107 3062.41 3062.41 1958.05 1534.43 0 -0.195051 -0.510831 0.712747 -0.288233 0.022301 -0.9573 -0.651008 0.728578 0.212985 0.702218 0.684599 -0.195482 0.0208975 -0.0302932 0.0237502 4000 3000 
108 3062.41 3062.41 1958.05 1534.43 0 0.084329 -0.136372 0.0113355 0.946104 0.00554442 -0.323816 -0.212963 0.763933 -0.609141 0.243997 0.645272 0.723941 0.0208975 -0.0302932 0.0237502 4000 3000 
109 3062.41 3062.41 1958.05 1534.43 0 -0.454946 -0.321406 0.122382 0.486342 0.0185102 0.873572 0.484879 0.825994 -0.287448 -0.726886 0.563375 0.392741 0.0208975 -0.0302932 0.0237502 4000 3000 
110 3062.41 3062.41 1958.05 1534.43 0 0.0322567 -0.508305 0.897933 -0.968152 0.0219134 -0.249401 -0.0802972 0.91636 0.392221 0.237136 0.399756 -0.885416 0.0208975 -0.0302932 0.0237502 4000 3000 
111 3062.41 3062.41 1958.05 1534.43 0 0.187071 -0.195869 -0.568086 0.961504 0.0148298 0.27439 0.127128 0.861249 -0.492025 -0.243615 0.507966 0.826209 0.0208975 -0.0302932 0.0237502 4000 3000 
112 3062.41 3062.41 1958.05 1534.43 0 -0.0193581 0.497326 0.10928 -0.951156 0.00374651 0.308689 0.30871 0.00852339 0.951118 0.000932301 0.999957 -0.00926366 0.0208975 -0.0302932 0.0237502 4000 3000 
113 3062.41 3062.41 1958.05 1534.43 0 0.236819 -0.667668 0.829452 0.251737 0.030796 0.967305 0.678341 0.707271 -0.199053 -0.690277 0.706272 0.157156 0.0208975 -0.0302932 0.0237502 4000 3000 
114 3062.41 3062.41 1958.05 1534.43 0 0.482549 -0.0412951 0.196654 0.244856 0.0292257 0.969119 0.682336 0.704922 -0.193656 -0.688813 0.708683 0.152663 0.0208975 -0.0302932 0.0237502 4000 3000 
115 3062.41 3062.41 1958.05 1534.43 0 -0.14067 -0.430377 0.630635 -0.261727 0.00299682 -0.965137 -0.665947 0.723246 0.182838 0.69858 0.690584 -0.187297 0.0208975 -0.0302932 0.0237502 4000 3000 
116 3062.41 3062.41 1958.05 1534.43 0 0.154081 -0.733257 0.944695 -0.294113 0.0189044 -0.955584 -0.650495 0.728555 0.214625 0.700253 0.684726 -0.201981 0.0208975 -0.0302932 0.0237502 4000 3000 
117 3062.41 3062.41 1958.05 1534.43 0 -0.0336189 -0.548747 0.755558 -0.945838 0.013484 0.324359 0.230638 0.731056 0.642155 -0.228466 0.682185 -0.69457 0.0208975 -0.0302932 0.0237502 4000 3000 
118 3062.41 3062.41 1958.05 1534.43 0 -0.403303 -0.2764 0.0500425 0.652523 0.0146385 0.757628 0.41973 0.825444 -0.37745 -0.630905 0.564294 0.532477 0.0208975 -0.0302932 0.0237502 4000 3000 
119 3062.41 3062.41 1958.05 1534.43 0 0.294931 0.0509708 0.10966 0.245404 0.0213429 0.969186 0.685416 0.703185 -0.189037 -0.685552 0.710686 0.157936 0.0208975 -0.0302932 0.0237502 4000 3000 
120 3062.41 3062.41 1958.05 1534.43 0 0.138664 -0.12328 -0.063918 0.916308 0.00245253 -0.400466 -0.294041 0.683006 -0.668613 0.271881 0.730409 0.626565 0.0208975 -0.0302932 0.0237502 4000 3000 
121 3062.41 3062.41 1958.05 1534.43 0 0.44591 -0.549138 0.35981 -0.380959 0.0144199 -0.924479 -0.63528 0.722399 0.273054 0.671781 0.691326 -0.266044 0.0208975 -0.0302932 0.0237502 4000 3000 
122 3062.41 3062.41 1958.05 1534.43 0 0.177736 -0.58482 0.79044 -0.278499 0.0134866 -0.960342 -0.655646 0.728 0.200361 0.701831 0.685445 -0.193905 0.0208975 -0.0302932 0.0237502 4000 3000 
123 3062.41 3062.41 1958.05 1534.43 0 0.530102 0.0989651 0.0529607 0.246957 0.0267527 0.968657 0.68061 0.706757 -0.19304 -0.689769 0.70695 0.156331 0.0208975 -0.0302932 0.0237502 4000 3000 
124 3062.41 3062.41 1958.05 1534.43 0 0.431126 -0.598857 0.756836 0.977385 0.00803677 -0.211313 -0.154645 0.708728 -0.688323 0.144232 0.705436 0.693943 0.0208975 -0.0302932 0.0237502 4000 3000 
125 3062.41 3062.41 1958.05 1534.43 0 0.260629 0.019039 -0.159028 0.766902 -0.00245184 -0.641759 -0.541445 0.534368 -0.649067 0.344527 0.845248 0.408481 0.0208975 -0.0302932 0.0237502 4000 3000 
126 3062.41 3062.41 1958.05 1534.43 0 -0.264785 0.285875 0.100947 -0.951406 0.00443977 0.307908 0.307937 0.00897415 0.951364 0.00146063 0.99995 -0.00990522 0.0208975 -0.0302932 0.0237502 4000 3000 
127 3062.41 3062.41 1958.05 1534.43 0 0.55943 -0.113913 0.264144 0.241996 0.0205242 0.97006 0.681196 0.708362 -0.184922 -0.690949 0.705551 0.15744 0.0208975 -0.0302932 0.0237502 4000 3000 
128 3062.41 3062.41 1958.05 1534.43 0 0.171862 -0.0444838 -0.135698 0.932977 -0.00207861 -0.35993 -0.26834 0.662454 -0.699391 0.239891 0.7491 0.617497 0.0208975 -0.0302932 0.0237502 4000 3000 
129 3062.41 3062.41 1958.05 1534.43 0 -0.26186 -0.595611 0.805688 -0.264029 -0.000854074 -0.964514 -0.661574 0.727843 0.180457 0.70186 0.685744 -0.192737 0.0208975 -0.0302932 0.0237502 4000 3000 
130 3062.41 3062.41 1958.05 1534.43 0 0.0153068 -0.316919 0.48852 0.251687 0.0271217 0.967429 0.676621 0.709786 -0.195929 -0.691982 0.703895 0.160293 0.0208975 -0.0302932 0.0237502 4000 3000 
131 3062.41 3062.41 1958.05 1534.43 0 0.380119 0.0452234 0.109127 0.244797 0.0224466 0.969315 0.685885 0.702606 -0.189488 -0.6853 0.711225 0.1566 0.0208975 -0.0302932 0.0237502 4000 3000 
132 3062.41 3062.41 1958.05 1534.43 0 0.284041 -0.704801 0.530949 -0.823144 0.0196511 -0.567493 -0.379307 0.724695 0.575277 0.422564 0.68879 -0.589074 0.0208975 -0.0302932 0.0237502 4000 3000 
133 3062.41 3062.41 1958.05 1534.43 0 0.253052 -0.238089 0.396217 0.24142 0.015728 0.970293 0.680704 0.709878 -0.180874 -0.691635 0.704149 0.160673 0.0208975 -0.0302932 0.0237502 4000 3000 
134 3062.41 3062.41 1958.05 1534.43 0 0.0539952 -0.0323035 -0.144054 0.99435 0.00106924 -0.106149 -0.0799814 0.665023 -0.742527 0.0697976 0.746822 0.661351 0.0208975 -0.0302932 0.0237502 4000 3000 
135 3062.41 3062.41 1958.05 1534.43 0 0.55689 -0.433412 0.201706 -0.203898 0.00908596 -0.97895 -0.71646 0.680068 0.155538 0.667166 0.733093 -0.132155 0.0208975 -0.0302932 0.0237502 4000 3000 
136 3062.41 3062.41 1958.05 1534.43 0 0.219468 -0.471972 -0.11037 -0.958871 -0.00913296 -0.283695 -0.283841 0.027303 0.958483 -0.00100805 0.999585 -0.0287724 0.0208975 -0.0302932 0.0237502 4000 3000 
137 3062.41 3062.41 1958.05 1534.43 0 -0.170989 -0.120766 0.0413103 0.998302 0.0152962 0.0562081 0.01037 0.902831 -0.429871 -0.0573218 0.429724 0.901139 0.0208975 -0.0302932 0.0237502 4000 3000 
138 3062.41 3062.41 1958.05 1534.43 0 -0.474899 -0.324404 0.0875471 0.0921789 0.0230213 0.995476 0.813244 0.575138 -0.0886052 -0.574576 0.817733 0.0342936 0.0208975 -0.0302932 0.0237502 4000 3000 
139 3062.41 3062.41 1958.05 1534.43 0 -0.374289 -0.85055 1.0287 0.968512 0.00708083 -0.248865 -0.179953 0.710684 -0.680107 0.172049 0.703476 0.68958 0.0208975 -0.0302932 0.0237502 4000 3000 
140 3062.41 3062.41 1958.05 1534.43 0 0.390215 -0.522875 0.689364 0.973598 0.0183342 -0.227532 -0.171646 0.715899 -0.676777 0.150482 0.697963 0.700145 0.0208975 -0.0302932 0.0237502 4000 3000 
141 3062.41 3062.41 1958.05 1534.43 0 0.224696 -0.731022 0.569062 -0.901025 0.016303 -0.43346 -0.287303 0.726241 0.624525 0.324978 0.687247 -0.649677 0.0208975 -0.0302932 0.0237502 4000 3000 
142 3062.41 3062.41 1958.05 1534.43 0 0.231218 -1.10436 1.26282 0.999943 0.00540643 -0.00916366 -0.0103159 0.7035 -0.710621 0.0026047 0.710675 0.703515 0.0208975 -0.0302932 0.0237502 4000 3000 
143 3062.41 3062.41 1958.05 1534.43 0 0.31839 -1.15737 1.31377 0.999935 0.00618038 -0.0096119 -0.0111867 0.701151 -0.712925 0.00233324 0.712986 0.701174 0.0208975 -0.0302932 0.0237502 4000 3000 
144 3062.41 3062.41 1958.05 1534.43 0 -0.0109841 0.0418656 0.104431 -0.949173 0.0075604 0.314665 0.314714 0.0065472 0.949164 0.00511589 0.99995 -0.00859379 0.0208975 -0.0302932 0.0237502 4000 3000 
145 3062.41 3062.41 1958.05 1534.43 0 0.405233 -0.121923 0.283683 0.250709 0.0273027 0.967677 0.675691 0.710895 -0.195118 -0.693244 0.702768 0.15978 0.0208975 -0.0302932 0.0237502 4000 3000 
146 3062.41 3062.41 1958.05 1534.43 0 -0.286866 0.179318 0.0976932 -0.951874 -0.0134594 0.306193 0.305881 0.0211311 0.951835 -0.0192813 0.999686 -0.0159972 0.0208975 -0.0302932 0.0237502 4000 3000 
147 3062.41 3062.41 1958.05 1534.43 0 0.228222 -0.214938 -0.0764295 0.782017 0.00441287 -0.623241 -0.346687 0.834074 -0.429102 0.517936 0.551635 0.65379 0.0208975 -0.0302932 0.0237502 4000 3000 
148 3062.41 3062.41 1958.05 1534.43 0 0.489925 -1.14966 1.31157 0.999973 0.00717911 -0.0017102 -0.00627465 0.705066 -0.709114 -0.003885 0.709105 0.705092 0.0208975 -0.0302932 0.0237502 4000 3000 
149 3062.41 3062.41 1958.05 1534.43 0 -0.328395 -0.776976 0.943983 0.973347 -0.0118801 -0.229031 -0.153117 0.709817 -0.687542 0.170738 0.704286 0.689079 0.0208975 -0.0302932 0.0237502 4000 3000 
150 3062.41 3062.41 1958.05 1534.43 0 -0.38972 -0.54998 0.324779 -0.327889 0.024642 0.944395 0.707033 0.669415 0.228011 -0.626573 0.74248 -0.236916 0.0208975 -0.0302932 0.0237502 4000 3000 
151 3062.41 3062.41 1958.05 1534.43 0 0.0921737 -0.762191 0.624419 -0.991344 0.0121533 -0.130729 -0.0805671 0.729883 0.678808 0.103667 0.683464 -0.722585 0.0208975 -0.0302932 0.0237502 4000 3000 
152 3062.41 3062.41 1958.05 1534.43 0 0.193569 -0.900001 1.05328 0.92309 -0.00934004 -0.384472 -0.268744 0.699452 -0.662226 0.275105 0.714618 0.643147 0.0208975 -0.0302932 0.0237502 4000 3000 
153 3062.41 3062.41 1958.05 1534.43 0 0.224739 0.252042 0.105818 -0.948866 0.00848132 0.315565 0.31564 0.0097782 0.948829 0.00496166 0.999916 -0.0119552 0.0208975 -0.0302932 0.0237502 4000 3000 
154 3062.41 3062.41 1958.05 1534.43 0 -0.133778 -0.734926 0.905916 0.274868 -0.00126296 0.961481 0.678608 0.708672 -0.193069 -0.681131 0.705537 0.195648 0.0208975 -0.0302932 0.0237502 4000 3000 
155 3062.41 3062.41 1958.05 1534.43 0 -0.196371 -0.261 0.452723 -0.263291 -0.0011165 -0.964716 -0.670574 0.719125 0.182181 0.693547 0.69488 -0.190088 0.0208975 -0.0302932 0.0237502 4000 3000 
156 3062.41 3062.41 1958.05 1534.43 0 0.117926 -0.487301 0.675328 -0.943171 0.0330847 0.330656 0.251856 0.720298 0.646328 -0.216787 0.692875 -0.687697 0.0208975 -0.0302932 0.0237502 4000 3000 
157 3062.41 3062.41 1958.05 1534.43 0 -0.194946 -0.147104 0.337036 -0.952081 0.0277621 0.304583 0.228682 0.725907 0.648663 -0.203091 0.687232 -0.697471 0.0208975 -0.0302932 0.0237502 4000 3000 
158 3062.41 3062.41 1958.05 1534.43 0 -0.3291 -0.139586 0.0959398 0.917994 0.0165195 0.396251 0.156636 0.902803 -0.400516 -0.364353 0.429738 0.826179 0.0208975 -0.0302932 0.0237502 4000 3000 
159 3062.41 3062.41 1958.05 1534.43 0 -0.494608 -0.451112 0.311991 0.0203618 0.0256458 0.999464 0.560662 0.827401 -0.0326529 -0.827795 0.561026 0.00246873 0.0208975 -0.0302932 0.0237502 4000 3000 
160 3062.41 3062.41 1958.05 1534.43 0 0.295198 -0.178824 0.352337 -0.948019 0.0369894 0.316058 0.242529 0.726994 0.642386 -0.206011 0.685647 -0.698175 0.0208975 -0.0302932 0.0237502 4000 3000 
161 3062.41 3062.41 1958.05 1534.43 0 0.224057 -0.0367368 0.204527 0.247844 0.0233609 0.968518 0.682568 0.705237 -0.19168 -0.687513 0.708586 0.158843 0.0208975 -0.0302932 0.0237502 4000 3000 
162 3062.41 3062.41 1958.05 1534.43 0 -0.410323 -0.584308 0.41852 -0.309885 0.0179111 0.950605 0.674112 0.709208 0.206389 -0.670481 0.704771 -0.231847 0.0208975 -0.0302932 0.0237502 4000 3000 
163 3062.41 3062.41 1958.05 1534.43 0 -0.43252 -0.29552 0.0814254 0.580952 0.0161607 0.813777 0.451702 0.825312 -0.338858 -0.677097 0.564445 0.472167 0.0208975 -0.0302932 0.0237502 4000 3000 
164 3062.41 3062.41 1958.05 1534.43 0 -0.0716303 -0.538693 0.703681 0.974821 0.00958505 -0.222784 -0.16289 0.712911 -0.682073 0.152288 0.701189 0.696522 0.0208975 -0.0302932 0.0237502 4000 3000 
165 3062.41 3062.41 1958.05 1534.43 0 -0.329717 -0.203763 0.0321517 0.78105 0.00680555 0.624432 0.446669 0.69271 -0.566251 -0.436404 0.721184 0.538001 0.0208975 -0.0302932 0.0237502 4000 3000 
166 3062.41 3062.41 1958.05 1534.43 0 -0.223673 -0.673183 0.644281 -0.870132 0.0259927 0.492133 0.28465 0.841695 0.45883 -0.402299 0.539328 -0.739784 0.0208975 -0.0302932 0.0237502 4000 3000 
167 3062.41 3062.41 1958.05 1534.43 0 -0.518594 -0.221359 0.276858 0.55771 0.0224696 0.829732 0.345279 0.90276 -0.256529 -0.754813 0.429558 0.49572 0.0208975 -0.0302932 0.0237502 4000 3000 
168 3062.41 3062.41 1958.05 1534.43 0 0.520443 -0.371771 0.0927774 -0.23696 0.00657824 -0.971497 -0.805983 0.556998 0.200361 0.54244 0.830488 -0.126684 0.0208975 -0.0302932 0.0237502 4000 3000 
169 3062.41 3062.41 1958.05 1534.43 0 -0.194504 -0.135106 -0.0382695 0.948067 0.00444502 0.31804 0.228049 0.687533 -0.689414 -0.221728 0.726139 0.650814 0.0208975 -0.0302932 0.0237502 4000 3000 
170 3062.41 3062.41 1958.05 1534.43 0 -0.126637 -0.692393 0.874098 0.974853 0.00798128 -0.222705 -0.161468 0.714059 -0.68121 0.153587 0.70004 0.697391 0.0208975 -0.0302932 0.0237502 4000 3000 
171 3062.41 3062.41 1958.05 1534.43 0 0.482962 -0.122711 0.281665 0.245982 0.0267716 0.968904 0.676143 0.711498 -0.191316 -0.694495 0.702178 0.156915 0.0208975 -0.0302932 0.0237502 4000 3000 
172 3062.41 3062.41 1958.05 1534.43 0 0.205477 -0.686974 0.866974 0.975801 0.0124443 -0.218305 -0.161105 0.715947 -0.679312 0.147841 0.698044 0.700627 0.0208975 -0.0302932 0.0237502 4000 3000 
173 3062.41 3062.41 1958.05 1534.43 0 -0.0025711 -0.749808 0.516678 -0.985785 0.0155342 0.167292 0.132119 0.686789 0.714748 -0.103791 0.72669 -0.679079 0.0208975 -0.0302932 0.0237502 4000 3000 
174 3062.41 3062.41 1958.05 1534.43 0 -0.0271304 -0.840853 0.994936 0.290445 0.0219512 0.95664 0.679124 0.699571 -0.222241 -0.674116 0.714226 0.188279 0.0208975 -0.0302932 0.0237502 4000 3000 
175 3062.41 3062.41 1958.05 1534.43 0 0.13433 -1.10916 1.25581 0.999982 0.00233088 -0.00545458 -0.00552548 0.700484 -0.713647 0.00215742 0.713664 0.700485 0.0208975 -0.0302932 0.0237502 4000 3000 
176 3062.41 3062.41 1958.05 1534.43 0 0.492044 -0.119829 0.282486 0.242397 0.023631 0.969889 0.675679 0.713282 -0.186246 -0.696206 0.700479 0.15693 0.0208975 -0.0302932 0.0237502 4000 3000 
177 3062.41 3062.41 1958.05 1534.43 0 0.105944 -0.700343 0.346926 -0.989604 0.0166502 -0.142854 -0.106091 0.586122 0.803247 0.0971042 0.810052 -0.578262 0.0208975 -0.0302932 0.0237502 4000 3000 
178 3062.41 3062.41 1958.05 1534.43 0 0.349739 -0.657948 0.420613 -0.801361 0.0104442 -0.59809 -0.428129 0.688269 0.585654 0.417764 0.72538 -0.54708 0.0208975 -0.0302932 0.0237502 4000 3000 
179 3062.41 3062.41 1958.05 1534.43 0 0.0502968 -0.108498 -0.0749415 0.975485 0.00536448 -0.22 -0.164666 0.681004 -0.713526 0.145993 0.73226 0.665192 0.0208975 -0.0302932 0.0237502 4000 3000 
180 3062.41 3062.41 1958.05 1534.43 0 0.132665 -0.0370897 -0.141491 0.963255 -0.00205691 -0.268581 -0.199564 0.663781 -0.720811 0.179762 0.747924 0.63898 0.0208975 -0.0302932 0.0237502 4000 3000 
181 3062.41 3062.41 1958.05 1534.43 0 0.119487 -0.488256 0.661447 0.237313 0.0299785 0.970971 0.679487 0.7092 -0.187968 -0.694248 0.704369 0.147932 0.0208975 -0.0302932 0.0237502 4000 3000 
182 3062.41 3062.41 1958.05 1534.43 0 -0.300517 0.000785402 -0.138196 0.845766 0.0121869 0.533414 0.444843 0.535912 -0.717574 -0.294608 0.844186 0.447835 0.0208975 -0.0302932 0.0237502 4000 3000 
183 3062.41 3062.41 1958.05 1534.43 0 0.163168 -0.482318 0.831585 -0.854012 0.0248989 -0.519657 -0.188738 0.915979 0.354063 0.484811 0.400453 -0.777558 0.0208975 -0.0302932 0.0237502 4000 3000 
184 3062.41 3062.41 1958.05 1534.43 0 -0.0373028 -0.684848 0.674563 -0.995366 0.0201433 0.0940242 0.0671573 0.845446 0.529821 -0.06882 0.533681 -0.842881 0.0208975 -0.0302932 0.0237502 4000 3000 
185 3062.41 3062.41 1958.05 1534.43 0 0.176968 -0.322121 0.487343 0.25409 0.0304015 0.966703 0.675163 0.710097 -0.199793 -0.692527 0.703447 0.159903 0.0208975 -0.0302932 0.0237502 4000 3000 
186 3062.41 3062.41 1958.05 1534.43 0 -0.323929 -0.164448 -0.0200769 0.708886 0.0105623 0.705244 0.527616 0.655628 -0.54016 -0.468083 0.75501 0.459193 0.0208975 -0.0302932 0.0237502 4000 3000 
187 3062.41 3062.41 1958.05 1534.43 0 -0.35663 -0.506253 0.70635 -0.288281 0.0189222 -0.957359 -0.652033 0.728315 0.210736 0.701247 0.684981 -0.197621 0.0208975 -0.0302932 0.0237502 4000 3000 
188 3062.41 3062.41 1958.05 1534.43 0 0.279782 -0.205536 0.0848829 0.696083 0.00598627 -0.717936 -0.461571 0.769662 -0.441104 0.549927 0.638424 0.538512 0.0208975 -0.0302932 0.0237502 4000 3000 
189 3062.41 3062.41 1958.05 1534.43 0 0.336522 0.0475137 0.109092 0.245279 0.0221867 0.969199 0.685479 0.702981 -0.189569 -0.685534 0.710862 0.157218 0.0208975 -0.0302932 0.0237502 4000 3000 
190 3062.41 3062.41 1958.05 1534.43 0 -0.121425 -0.564432 0.737516 0.238456 0.000837633 0.971153 0.683442 0.71031 -0.168424 -0.689961 0.703888 0.168805 0.0208975 -0.0302932 0.0237502 4000 3000 
191 3062.41 3062.41 1958.05 1534.43 0 0.231409 -0.654052 0.311458 -0.903431 0.0153451 -0.428458 -0.338476 0.587853 0.734754 0.263145 0.808822 -0.525891 0.0208975 -0.0302932 0.0237502 4000 3000 
192 3062.41 3062.41 1958.05 1534.43 0 0.539369 -0.213841 0.00965325 0.140378 -0.00241361 -0.990095 -0.774599 0.622574 -0.111342 0.616676 0.782557 0.0855264 0.0208975 -0.0302932 0.0237502 4000 3000 
193 3062.41 3062.41 1958.05 1534.43 0 -0.0405736 -0.710393 0.362127 -0.986321 0.0137815 0.164257 0.14113 0.585449 0.79833 -0.0851621 0.810592 -0.579386 0.0208975 -0.0302932 0.0237502 4000 3000 
194 3062.41 3062.41 1958.05 1534.43 0 0.246685 -0.0669249 -0.118685 0.857169 -0.00231199 -0.515029 -0.384038 0.663457 -0.642137 0.343184 0.748211 0.567807 0.0208975 -0.0302932 0.0237502 4000 3000 
195 3062.41 3062.41 1958.05 1534.43 0 -0.0273588 -0.40552 0.569905 0.237924 -0.00579264 0.971267 0.683641 0.711332 -0.163224 -0.689947 0.702832 0.173203 0.0208975 -0.0302932 0.0237502 4000 3000 
196 3062.41 3062.41 1958.05 1534.43 0 0.129788 -0.617103 0.776664 0.97899 -0.000677151 -0.203906 -0.143919 0.706106 -0.693327 0.144449 0.708106 0.691173 0.0208975 -0.0302932 0.0237502 4000 3000 
197 3062.41 3062.41 1958.05 1534.43 0 0.0956807 -0.76863 0.983194 -0.268676 0.00762255 -0.9632 -0.65869 0.72816 0.189498 0.702809 0.685365 -0.190618 0.0208975 -0.0302932 0.0237502 4000 3000 
198 3062.41 3062.41 1958.05 1534.43 0 0.376333 -0.451829 0.608225 0.978204 -7.21988e-05 -0.207646 -0.146309 0.709358 -0.689496 0.147345 0.704848 0.693886 0.0208975 -0.0302932 0.0237502 4000 3000 
199 3062.41 3062.41 1958.05 1534.43 0 -0.151604 -0.39822 0.571679 0.230644 -0.00118153 0.973037 0.683164 0.712281 -0.161069 -0.692885 0.701894 0.165091 0.0208975 -0.0302932 0.0237502 4000 3000 
200 3062.41 3062.41 1958.05 1534.43 0 -0.349056 -0.625115 0.575704 -0.66336 0.0249877 0.747883 0.423054 0.836912 0.34728 -0.617235 0.546766 -0.565746 0.0208975 -0.0302932 0.0237502 4000 3000 
201 3062.41 3062.41 1958.05 1534.43 0 -0.342633 0.400909 0.0880109 -0.95606 -0.0202998 0.292467 0.292034 0.0218224 0.956159 -0.0257922 0.999556 -0.0149353 0.0208975 -0.0302932 0.0237502 4000 3000 
202 3062.41 3062.41 1958.05 1534.43 0 0.270989 -0.236038 -0.0483482 0.702334 0.0053868 -0.711828 -0.393777 0.835981 -0.382199 0.593015 0.548732 0.589259 0.0208975 -0.0302932 0.0237502 4000 3000 
203 3062.41 3062.41 1958.05 1534.43 0 0.482911 0.0423462 0.106717 0.243974 0.0218655 0.969535 0.685809 0.702965 -0.188431 -0.68567 0.710888 0.15651 0.0208975 -0.0302932 0.0237502 4000 3000 
204 3062.41 3062.41 1958.05 1534.43 0 -0.437402 -0.60336 0.808893 -0.943206 0.0239492 0.331343 0.244664 0.72478 0.644076 -0.224726 0.688564 -0.689476 0.0208975 -0.0302932 0.0237502 4000 3000 
205 3062.41 3062.41 1958.05 1534.43 0 0.217386 0.0466075 0.116975 0.244978 0.0206669 0.969308 0.681692 0.707241 -0.187366 -0.689407 0.70667 0.15917 0.0208975 -0.0302932 0.0237502 4000 3000 
206 3062.41 3062.41 1958.05 1534.43 0 -0.352504 -0.60809 0.379543 -0.500363 0.0239698 0.865484 0.648927 0.672135 0.35655 -0.573176 0.740041 -0.351866 0.0208975 -0.0302932 0.0237502 4000 3000 
207 3062.41 3062.41 1958.05 1534.43 0 -0.221578 -0.763213 0.980032 -0.262697 -0.000166928 -0.964878 -0.662173 0.727372 0.180157 0.701795 0.686243 -0.191189 0.0208975 -0.0302932 0.0237502 4000 3000 
208 3062.41 3062.41 1958.05 1534.43 0 -0.495203 -0.426024 0.274596 0.113061 0.0250808 0.993271 0.556631 0.826479 -0.0842287 -0.82303 0.562409 0.0794818 0.0208975 -0.0302932 0.0237502 4000 3000 
209 3062.41 3062.41 1958.05 1534.43 0 -0.31944 -0.204543 0.112165 0.806518 0.0121027 0.591085 0.376077 0.76093 -0.528726 -0.456173 0.648721 0.609153 0.0208975 -0.0302932 0.0237502 4000 3000 
210 3062.41 3062.41 1958.05 1534.43 0 0.0365696 -0.7512 0.915942 0.267426 0.001857 0.963577 0.681699 0.706381 -0.190556 -0.681006 0.707829 0.187638 0.0208975 -0.0302932 0.0237502 4000 3000 
211 3062.41 3062.41 1958.05 1534.43 0 0.368827 0.131357 0.10534 -0.950765 0.00469804 0.309877 0.309911 0.0118128 0.950692 0.000805873 0.999919 -0.0126872 0.0208975 -0.0302932 0.0237502 4000 3000 
212 3062.41 3062.41 1958.05 1534.43 0 0.447547 -0.469362 0.279321 -0.152332 0.00204292 -0.988327 -0.690364 0.715373 0.107885 0.707243 0.698739 -0.107564 0.0208975 -0.0302932 0.0237502 4000 3000 
213 3062.41 3062.41 1958.05 1534.43 0 0.243896 -0.242926 0.430081 -0.959973 0.0117046 0.279847 0.198918 0.731886 0.651748 -0.197187 0.681327 -0.704919 0.0208975 -0.0302932 0.0237502 4000 3000 
214 3062.41 3062.41 1958.05 1534.43 0 -0.359905 -0.491743 0.882302 -0.821282 0.0293492 0.569767 0.253938 0.913102 0.319 -0.510893 0.406674 -0.757367 0.0208975 -0.0302932 0.0237502 4000 3000 
215 3062.41 3062.41 1958.05 1534.43 0 0.327877 -0.58149 0.498731 -0.700388 0.0171827 -0.713555 -0.369243 0.846822 0.382821 0.610833 0.531598 -0.58676 0.0208975 -0.0302932 0.0237502 4000 3000 
216 3062.41 3062.41 1958.05 1534.43 0 0.201844 -0.117005 0.287707 0.247075 0.00940409 0.968951 0.680234 0.710462 -0.18035 -0.690098 0.703673 0.16914 0.0208975 -0.0302932 0.0237502 4000 3000 
217 3062.41 3062.41 1958.05 1534.43 0 0.442712 -0.45246 0.280122 -0.196821 0.00886759 -0.980399 -0.524185 0.844092 0.112868 0.828548 0.536125 -0.161486 0.0208975 -0.0302932 0.0237502 4000 3000 
218 3062.41 3062.41 1958.05 1534.43 0 0.421424 -0.481764 0.181966 -0.509495 0.00618151 -0.860452 -0.695733 0.585458 0.416166 0.506331 0.810679 -0.293987 0.0208975 -0.0302932 0.0237502 4000 3000 
219 3062.41 3062.41 1958.05 1534.43 0 0.47847 0.358974 0.101751 -0.948628 0.0067211 0.316324 0.31638 0.0103763 0.948576 0.00309322 0.999924 -0.0119696 0.0208975 -0.0302932 0.0237502 4000 3000 
220 3062.41 3062.41 1958.05 1534.43 0 0.395694 0.240797 0.105862 -0.946311 0.0109609 0.323072 0.323204 0.0138999 0.946227 0.00588084 0.999843 -0.0166963 0.0208975 -0.0302932 0.0237502 4000 3000 
221 3062.41 3062.41 1958.05 1534.43 0 0.44036 -0.73194 0.90126 0.974725 0.0119428 -0.22309 -0.164876 0.712293 -0.682243 0.150757 0.701781 0.696258 0.0208975 -0.0302932 0.0237502 4000 3000 
222 3062.41 3062.41 1958.05 1534.43 0 0.460669 -0.428113 0.127436 -0.363407 0.00980001 -0.931579 -0.770655 0.558698 0.306508 0.523475 0.829313 -0.195483 0.0208975 -0.0302932 0.0237502 4000 3000 
223 3062.41 3062.41 1958.05 1534.43 0 -0.275077 -0.671281 0.887079 -0.300636 0.0250276 -0.953411 -0.647157 0.728951 0.223201 0.700576 0.684108 -0.202952 0.0208975 -0.0302932 0.0237502 4000 3000 
224 3062.41 3062.41 1958.05 1534.43 0 0.461288 -0.233114 0.0174079 0.375026 0.000403195 -0.927014 -0.68395 0.675141 -0.276401 0.625753 0.737689 0.253471 0.0208975 -0.0302932 0.0237502 4000 3000 
225 3062.41 3062.41 1958.05 1534.43 0 0.0607037 0.0886526 -0.192751 0.967195 -0.00420539 -0.254002 -0.213046 0.53118 -0.820036 0.138369 0.847249 0.512859 0.0208975 -0.0302932 0.0237502 4000 3000 
226 3062.41 3062.41 1958.05 1534.43 0 -0.50279 -0.502494 0.693975 -0.27821 0.00969441 -0.960471 -0.658346 0.7262 0.198026 0.699414 0.687415 -0.195654 0.0208975 -0.0302932 0.0237502 4000 3000 
227 3062.41 3062.41 1958.05 1534.43 0 0.0928948 -0.0337835 -0.144466 0.982629 -9.03391e-05 -0.185578 -0.138427 0.665676 -0.73329 0.123601 0.746241 0.6541 0.0208975 -0.0302932 0.0237502 4000 3000 
228 3062.41 3062.41 1958.05 1534.43 0 0.124928 -0.519551 0.724139 -0.289199 0.0232466 -0.956987 -0.649283 0.729836 0.213941 0.703417 0.683227 -0.195974 0.0208975 -0.0302932 0.0237502 4000 3000 
229 3062.41 3062.41 1958.05 1534.43 0 0.380164 -1.15303 1.31223 0.999969 0.0067494 -0.00412896 -0.00768073 0.70276 -0.711386 -0.00189976 0.711395 0.70279 0.0208975 -0.0302932 0.0237502 4000 3000 
230 3062.41 3062.41 1958.05 1534.43 0 0.42689 -0.182593 -0.0262554 0.515605 -0.00186021 -0.856824 -0.634916 0.670664 -0.383525 0.575355 0.741759 0.344617 0.0208975 -0.0302932 0.0237502 4000 3000 
231 3062.41 3062.41 1958.05 1534.43 0 -0.0248915 -0.380105 0.53948 0.972842 0.00928518 -0.231285 -0.168517 0.713407 -0.680186 0.158685 0.700689 0.695597 0.0208975 -0.0302932 0.0237502 4000 3000 
232 3062.41 3062.41 1958.05 1534.43 0 0.45466 -0.481011 0.642085 0.225184 0.0349154 0.97369 0.675657 0.714429 -0.181877 -0.701983 0.698836 0.137287 0.0208975 -0.0302932 0.0237502 4000 3000 
233 3062.41 3062.41 1958.05 1534.43 0 -0.12319 -0.513469 0.930944 -0.997337 0.0289486 0.0669323 0.0532527 0.916161 0.397256 -0.0498208 0.399763 -0.915264 0.0208975 -0.0302932 0.0237502 4000 3000 
234 3062.41 3062.41 1958.05 1534.43 0 0.449116 -0.368047 0.153086 0.173665 0.00479709 -0.984793 -0.714832 0.688447 -0.122705 0.677389 0.725271 0.122988 0.0208975 -0.0302932 0.0237502 4000 3000 
235 3062.41 3062.41 1958.05 1534.43 0 0.146983 -0.405141 0.571181 0.23167 0.00293276 0.97279 0.681254 0.71335 -0.164391 -0.694422 0.700802 0.163264 0.0208975 -0.0302932 0.0237502 4000 3000 
236 3062.41 3062.41 1958.05 1534.43 0 0.518684 -0.512337 0.292707 -0.244762 0.0105459 -0.969526 -0.697451 0.692712 0.18361 0.673538 0.721138 -0.162194 0.0208975 -0.0302932 0.0237502 4000 3000 
237 3062.41 3062.41 1958.05 1534.43 0 0.0283198 -0.167801 -0.132718 0.975977 0.00686732 -0.217766 -0.128349 0.825784 -0.549189 0.176056 0.563945 0.806827 0.0208975 -0.0302932 0.0237502 4000 3000 
238 3062.41 3062.41 1958.05 1534.43 0 -0.417102 -0.16829 0.152126 0.809705 0.0211046 0.586458 0.236081 0.903203 -0.358454 -0.537256 0.428694 0.726346 0.0208975 -0.0302932 0.0237502 4000 3000 
239 3062.41 3062.41 1958.05 1534.43 0 0.357548 -0.581828 0.73799 0.242187 0.0187576 0.970048 0.682049 0.707788 -0.18397 -0.690039 0.706176 0.158623 0.0208975 -0.0302932 0.0237502 4000 3000 
240 3062.41 3062.41 1958.05 1534.43 0 0.415906 -0.345186 0.250559 0.227059 0.0120806 -0.973806 -0.614472 0.77754 -0.133628 0.755559 0.628718 0.18397 0.0208975 -0.0302932 0.0237502 4000 3000 
241 3062.41 3062.41 1958.05 1534.43 0 0.404033 -0.114684 -0.0798251 0.419403 -0.00361687 -0.907793 -0.758673 0.547744 -0.352691 0.498514 0.836638 0.226982 0.0208975 -0.0302932 0.0237502 4000 3000 
242 3062.41 3062.41 1958.05 1534.43 0 -0.397939 -0.544905 0.705762 0.97493 0.00430081 -0.222468 -0.159696 0.709743 -0.686121 0.154944 0.704448 0.692637 0.0208975 -0.0302932 0.0237502 4000 3000 
243 3062.41 3062.41 1958.05 1534.43 0 0.364107 -0.556702 0.450772 -0.597812 0.0183531 -0.801426 -0.418158 0.845808 0.331289 0.683933 0.533171 -0.49796 0.0208975 -0.0302932 0.0237502 4000 3000 
244 3062.41 3062.41 1958.05 1534.43 0 0.491939 -0.279934 0.0615124 0.239762 0.000828837 -0.970831 -0.714154 0.677555 -0.175793 0.657646 0.735472 0.163044 0.0208975 -0.0302932 0.0237502 4000 3000 
245 3062.41 3062.41 1958.05 1534.43 0 0.466865 -0.149347 -0.0420501 0.330375 -0.00611923 -0.94383 -0.737868 0.621887 -0.262313 0.588561 0.783083 0.200941 0.0208975 -0.0302932 0.0237502 4000 3000 
246 3062.41 3062.41 1958.05 1534.43 0 0.493956 -0.567328 0.722103 0.247374 0.023082 0.968645 0.678778 0.709271 -0.190249 -0.691423 0.704558 0.159788 0.0208975 -0.0302932 0.0237502 4000 3000 
247 3062.41 3062.41 1958.05 1534.43 0 0.345898 -0.321312 0.478575 0.248448 0.0341831 0.968042 0.67483 0.710833 -0.198296 -0.694894 0.70253 0.153538 0.0208975 -0.0302932 0.0237502 4000 3000 
248 3062.41 3062.41 1958.05 1534.43 0 -0.0681316 -0.85064 1.02835 0.964941 0.00466526 -0.262426 -0.187773 0.710859 -0.677805 0.183386 0.703319 0.686813 0.0208975 -0.0302932 0.0237502 4000 3000 
249 3062.41 3062.41 1958.05 1534.43 0 0.313301 -0.0391979 0.202572 0.246698 0.0273174 0.968707 0.681674 0.705605 -0.193498 -0.688811 0.708079 0.15545 0.0208975 -0.0302932 0.0237502 4000 3000 
250 3062.41 3062.41 1958.05 1534.43 0 -0.455862 -0.537071 0.44549 -0.31313 0.0289722 0.949268 0.532986 0.83265 0.1504 -0.786051 0.553041 -0.276169 0.0208975 -0.0302932 0.0237502 4000 3000 
251 3062.41 3062.41 1958.05 1534.43 0 0.207196 -0.803023 1.46106 0.999245 0.0104986 0.0373973 0.0113906 0.841254 -0.540519 -0.0371353 0.540537 0.8405 0.0208975 -0.0302932 0.0237502 4000 3000 
252 3062.41 3062.41 1958.05 1534.43 0 0.16742 -0.365392 0.558322 -0.285062 0.0195181 -0.95831 -0.655803 0.725181 0.209847 0.699044 0.688282 -0.193921 0.0208975 -0.0302932 0.0237502 4000 3000 
253 3062.41 3062.41 1958.05 1534.43 0 -0.103473 -0.687648 0.670809 -0.971179 0.0213191 0.237397 0.144887 0.843657 0.516963 -0.189261 0.536459 -0.82243 0.0208975 -0.0302932 0.0237502 4000 3000 
254 3062.41 3062.41 1958.05 1534.43 0 0.430796 -0.583803 0.34306 -0.602301 0.00743402 -0.798235 -0.577144 0.686768 0.441875 0.551487 0.726838 -0.409351 0.0208975 -0.0302932 0.0237502 4000 3000 
255 3062.41 3062.41 1958.05 1534.43 0 0.252508 -1.16066 1.31705 0.999822 0.00466442 -0.0182622 -0.0163034 0.700229 -0.713733 0.00945858 0.713903 0.70018 0.0208975 -0.0302932 0.0237502 4000 3000 
256 3062.41 3062.41 1958.05 1534.43 0 -0.469865 -0.448429 0.280031 0.0991736 0.0158789 0.994943 0.708324 0.701133 -0.0817938 -0.698886 0.712854 0.0582864 0.0208975 -0.0302932 0.0237502 4000 3000 
257 3062.41 3062.41 1958.05 1534.43 0 -0.0407709 -0.474371 0.668254 -0.944748 0.0299156 0.326431 0.246636 0.720828 0.647748 -0.215923 0.692468 -0.688379 0.0208975 -0.0302932 0.0237502 4000 3000 
258 3062.41 3062.41 1958.05 1534.43 0 -0.678439 -0.720479 0.903366 -0.395624 -0.0134713 -0.918314 -0.64441 0.71651 0.267111 0.654383 0.697446 -0.29215 0.0208975 -0.0302932 0.0237502 4000 3000 
259 3062.41 3062.41 1958.05 1534.43 0 0.341027 -0.0400568 -0.123516 0.607817 -0.00393091 -0.794068 -0.666699 0.540687 -0.513 0.431359 0.841214 0.326018 0.0208975 -0.0302932 0.0237502 4000 3000 
260 3062.41 3062.41 1958.05 1534.43 0 0.393548 -0.6629 0.82275 0.257081 0.0356874 0.965731 0.6728 0.71075 -0.205366 -0.693722 0.702539 0.158709 0.0208975 -0.0302932 0.0237502 4000 3000 
261 3062.41 3062.41 1958.05 1534.43 0 -0.224943 -0.125564 0.0528677 0.984113 0.0153532 0.176881 0.0624973 0.902535 -0.426056 -0.166183 0.430342 0.887237 0.0208975 -0.0302932 0.0237502 4000 3000 
262 3062.41 3062.41 1958.05 1534.43 0 0.190986 -0.773758 0.940149 0.978355 -0.000556443 -0.206934 -0.145802 0.707766 -0.691237 0.146845 0.706447 0.692365 0.0208975 -0.0302932 0.0237502 4000 3000 
263 3062.41 3062.41 1958.05 1534.43 0 0.456437 -0.500167 0.280163 -0.205951 0.0119761 -0.978489 -0.704488 0.692189 0.156752 0.679177 0.721617 -0.13412 0.0208975 -0.0302932 0.0237502 4000 3000 
264 3062.41 3062.41 1958.05 1534.43 0 -0.337238 -0.236294 -0.018288 0.801377 0.0128043 0.598022 0.330281 0.824074 -0.460236 -0.498708 0.566338 0.656165 0.0208975 -0.0302932 0.0237502 4000 3000 
265 3062.41 3062.41 1958.05 1534.43 0 -0.0310173 -0.166067 -0.133063 0.995064 0.00769553 -0.0989407 -0.0622771 0.82466 -0.56219 0.0772661 0.565576 0.821068 0.0208975 -0.0302932 0.0237502 4000 3000 
266 3062.41 3062.41 1958.05 1534.43 0 0.424461 -0.49723 0.391693 -0.347393 0.016278 -0.937578 -0.583444 0.778993 0.229703 0.734106 0.626822 -0.261119 0.0208975 -0.0302932 0.0237502 4000 3000 
267 3062.41 3062.41 1958.05 1534.43 0 -0.113653 -0.680155 0.892233 -0.303238 0.0260889 -0.952558 -0.646121 0.729114 0.225656 0.70041 0.683895 -0.204238 0.0208975 -0.0302932 0.0237502 4000 3000 
268 3062.41 3062.41 1958.05 1534.43 0 -0.247799 -0.726451 0.584427 -0.797778 0.0147741 0.602771 0.424306 0.724025 0.543831 -0.428387 0.689615 -0.58388 0.0208975 -0.0302932 0.0237502 4000 3000 
269 3062.41 3062.41 1958.05 1534.43 0 0.280551 -0.605466 0.548682 -0.79929 0.0167655 -0.600712 -0.306147 0.848811 0.431039 0.517117 0.528431 -0.673313 0.0208975 -0.0302932 0.0237502 4000 3000 
270 3062.41 3062.41 1958.05 1534.43 0 0.0405436 -0.350466 0.538466 -0.282316 0.0201653 -0.959109 -0.656007 0.725428 0.208349 0.699966 0.688003 -0.191572 0.0208975 -0.0302932 0.0237502 4000 3000 
271 3062.41 3062.41 1958.05 1534.43 0 0.105615 -0.174086 0.359761 -0.266036 0.0213146 -0.963727 -0.659247 0.725382 0.198028 0.703291 0.688017 -0.178926 0.0208975 -0.0302932 0.0237502 4000 3000 
272 3062.41 3062.41 1958.05 1534.43 0 0.462911 0.465512 0.10597 -0.948386 0.00998985 0.316961 0.317061 0.0108663 0.948343 0.00602962 0.999891 -0.0134728 0.0208975 -0.0302932 0.0237502 4000 3000 
273 3062.41 3062.41 1958.05 1534.43 0 0.469208 -0.281459 0.0273647 0.000963689 0.0011386 -0.999999 -0.829156 0.559017 -0.00016255 0.559017 0.829155 0.0014828 0.0208975 -0.0302932 0.0237502 4000 3000 
274 3062.41 3062.41 1958.05 1534.43 0 -0.142092 -0.0601642 -0.111017 0.948443 0.00590576 0.316891 0.235186 0.657129 -0.716149 -0.212468 0.753755 0.621861 0.0208975 -0.0302932 0.0237502 4000 3000 
275 3062.41 3062.41 1958.05 1534.43 0 -0.187359 -0.251869 0.425631 0.232239 0.00456543 0.972648 0.683122 0.711083 -0.166447 -0.692394 0.703093 0.162023 0.0208975 -0.0302932 0.0237502 4000 3000 
276 3062.41 3062.41 1958.05 1534.43 0 -0.03152 -0.621999 0.781608 0.979158 -0.00412306 -0.20306 -0.140982 0.705891 -0.694149 0.1462 0.708309 0.690597 0.0208975 -0.0302932 0.0237502 4000 3000 
277 3062.41 3062.41 1958.05 1534.43 0 -1.15935 -0.150291 1.20931 0.659241 0.0158878 -0.751764 -0.179255 0.974273 -0.136603 0.730252 0.224812 0.645129 0.0208975 -0.0302932 0.0237502 4000 3000 
278 3062.41 3062.41 1958.05 1534.43 0 0.413112 -0.592093 0.406043 -0.505049 0.0157639 -0.862947 -0.589185 0.724331 0.358059 0.630703 0.689272 -0.356535 0.0208975 -0.0302932 0.0237502 4000 3000 
279 3062.41 3062.41 1958.05 1534.43 0 0.50771 0.110673 -0.116892 0.0726344 -0.0188125 -0.997181 -0.997182 0.0174547 -0.0729638 0.0187781 0.999671 -0.0174916 0.0208975 -0.0302932 0.0237502 4000 3000 
280 3062.41 3062.41 1958.05 1534.43 0 0.310595 -0.256158 -0.0157315 0.615482 0.00646635 -0.788124 -0.433909 0.83756 -0.331987 0.657955 0.546306 0.518309 0.0208975 -0.0302932 0.0237502 4000 3000 
281 3062.41 3062.41 1958.05 1534.43 0 0.132675 -1.10907 1.25677 0.999983 0.000876885 -0.0057634 -0.00472776 0.700406 -0.713729 0.00341086 0.713744 0.700398 0.0208975 -0.0302932 0.0237502 4000 3000 
282 3062.41 3062.41 1958.05 1534.43 0 -0.253189 -0.198849 -0.0755937 0.918213 0.0113393 0.395925 0.216062 0.823433 -0.524666 -0.331967 0.5673 0.753637 0.0208975 -0.0302932 0.0237502 4000 3000 
283 3062.41 3062.41 1958.05 1534.43 0 0.0585998 -0.686045 0.892388 -0.299006 0.0257361 -0.953904 -0.647839 0.728491 0.222723 0.700643 0.684572 -0.20115 0.0208975 -0.0302932 0.0237502 4000 3000 
284 3062.41 3062.41 1958.05 1534.43 0 -0.393732 -0.599689 0.539238 -0.562212 0.0251966 0.826609 0.465017 0.836182 0.290789 -0.683869 0.547873 -0.481828 0.0208975 -0.0302932 0.0237502 4000 3000 
285 3062.41 3062.41 1958.05 1534.43 0 0.141562 0.486347 0.110575 -0.951417 0.00720786 0.307821 0.307873 0.00783636 0.951395 0.00444532 0.999943 -0.00967475 0.0208975 -0.0302932 0.0237502 4000 3000 
286 3062.41 3062.41 1958.05 1534.43 0 0.26913 -0.408546 0.598717 -0.953453 0.015759 0.301129 0.216689 0.730275 0.647877 -0.209697 0.682972 -0.699697 0.0208975 -0.0302932 0.0237502 4000 3000 
287 3062.41 3062.41 1958.05 1534.43 0 0.302777 0.478966 0.109192 -0.953505 0.00955049 0.301226 0.301301 0.00757128 0.953499 0.00682571 0.999926 -0.0100968 0.0208975 -0.0302932 0.0237502 4000 3000 
288 3062.41 3062.41 1958.05 1534.43 0 0.343822 -0.578956 0.257361 -0.740415 0.0108892 -0.672062 -0.538452 0.588857 0.602757 0.402312 0.808164 -0.430135 0.0208975 -0.0302932 0.0237502 4000 3000 
289 3062.41 3062.41 1958.05 1534.43 0 0.2203 -0.148434 -0.0464988 0.827316 0.00305438 -0.561728 -0.418586 0.670224 -0.612851 0.374612 0.742153 0.555765 0.0208975 -0.0302932 0.0237502 4000 3000 
290 3062.41 3062.41 1958.05 1534.43 0 -0.429409 -0.340599 0.137828 0.25168 0.0202218 0.967599 0.723297 0.660352 -0.201935 -0.643039 0.750684 0.151571 0.0208975 -0.0302932 0.0237502 4000 3000 
291 3062.41 3062.41 1958.05 1534.43 0 -0.468386 -0.420945 0.62231 -0.950408 0.0131097 0.310728 0.22236 0.727174 0.649441 -0.21744 0.686328 -0.694028 0.0208975 -0.0302932 0.0237502 4000 3000 
292 3062.41 3062.41 1958.05 1534.43 0 0.209983 -0.00275135 0.169851 0.245824 0.0180325 0.969147 0.683365 0.705862 -0.186469 -0.687447 0.70812 0.161195 0.0208975 -0.0302932 0.0237502 4000 3000 
293 3062.41 3062.41 1958.05 1534.43 0 -0.120519 -0.115865 -0.0592463 0.987915 0.00301018 0.15497 0.110386 0.68821 -0.717064 -0.108811 0.725505 0.679561 0.0208975 -0.0302932 0.0237502 4000 3000 
294 3062.41 3062.41 1958.05 1534.43 0 -0.108458 -0.123291 0.0392461 0.999907 0.0135731 0.0014286 -0.0116263 0.901932 -0.431722 -0.00714831 0.431665 0.902006 0.0208975 -0.0302932 0.0237502 4000 3000 
295 3062.41 3062.41 1958.05 1534.43 0 -0.282726 -0.466196 0.62167 0.977729 -0.0127138 -0.209487 -0.139454 0.706588 -0.693748 0.156841 0.707511 0.689079 0.0208975 -0.0302932 0.0237502 4000 3000 
296 3062.41 3062.41 1958.05 1534.43 0 0.466785 -0.369836 0.0872982 -0.217278 0.00545187 -0.976095 -0.807999 0.560047 0.182988 0.547657 0.828443 -0.117281 0.0208975 -0.0302932 0.0237502 4000 3000 
297 3062.41 3062.41 1958.05 1534.43 0 -0.0630257 -0.0421028 -0.132257 0.988244 0.00347817 0.152846 0.111952 0.664383 -0.73896 -0.104118 0.747384 0.656183 0.0208975 -0.0302932 0.0237502 4000 3000 
298 3062.41 3062.41 1958.05 1534.43 0 -0.0261718 -0.0364512 -0.137814 0.997256 0.00260611 0.0739817 0.0534709 0.665782 -0.744228 -0.0511952 0.746142 0.663816 0.0208975 -0.0302932 0.0237502 4000 3000 
299 3062.41 3062.41 1958.05 1534.43 0 -0.492402 -0.279704 0.468451 -0.253287 -0.004864 -0.967379 -0.665862 0.726287 0.17069 0.701764 0.687375 -0.187198 0.0208975 -0.0302932 0.0237502 4000 3000 
300 3062.41 3062.41 1958.05 1534.43 0 0.483691 0.159383 0.104112 -0.94673 0.00703451 0.321951 0.322016 0.0121254 0.946656 0.00275548 0.999902 -0.0137447 0.0208975 -0.0302932 0.0237502 4000 3000 
301 3062.41 3062.41 1958.05 1534.43 0 -0.335553 0.518407 0.101168 -0.950705 -0.0056711 0.310045 0.309963 0.0120671 0.950672 -0.00913272 0.999911 -0.00971447 0.0208975 -0.0302932 0.0237502 4000 3000 
302 3062.41 3062.41 1958.05 1534.43 0 -0.304654 -0.428334 0.625739 -0.26252 -0.0020558 -0.964924 -0.665032 0.72495 0.179386 0.699153 0.688798 -0.191681 0.0208975 -0.0302932 0.0237502 4000 3000 
303 3062.41 3062.41 1958.05 1534.43 0 0.894048 -0.275157 1.39589 0.888599 0.015766 0.458414 0.104988 0.965886 -0.236731 -0.446508 0.258487 0.85663 0.0208975 -0.0302932 0.0237502 4000 3000 
304 3062.41 3062.41 1958.05 1534.43 0 0.0447108 0.151763 0.105553 -0.949784 0.00141525 0.312903 0.31289 0.0144801 0.949679 -0.00318684 0.999894 -0.0141958 0.0208975 -0.0302932 0.0237502 4000 3000 
305 3062.41 3062.41 1958.05 1534.43 0 -0.430259 -0.585237 0.797273 -0.265243 -0.00830178 -0.964146 -0.66031 0.73023 0.175368 0.702593 0.683151 -0.19917 0.0208975 -0.0302932 0.0237502 4000 3000 
306 3062.41 3062.41 1958.05 1534.43 0 0.433096 -0.21084 0.384604 -0.948985 0.0316999 0.313723 0.236902 0.728289 0.643018 -0.208098 0.684536 -0.698645 0.0208975 -0.0302932 0.0237502 4000 3000 
307 3062.41 3062.41 1958.05 1534.43 0 0.0765995 -0.666001 0.830026 0.249242 0.0272814 0.968057 0.681589 0.705175 -0.195359 -0.687979 0.708508 0.157165 0.0208975 -0.0302932 0.0237502 4000 3000 
308 3062.41 3062.41 1958.05 1534.43 0 0.446667 -1.09873 1.26584 0.999909 0.00722005 -0.0113768 -0.0131477 0.707592 -0.706499 0.00294915 0.706585 0.707622 0.0208975 -0.0302932 0.0237502 4000 3000 
309 3062.41 3062.41 1958.05 1534.43 0 -0.413436 -0.138243 0.335563 -0.957402 0.0156137 0.288336 0.208367 0.728657 0.652413 -0.199911 0.684701 -0.700871 0.0208975 -0.0302932 0.0237502 4000 3000 
310 3062.41 3062.41 1958.05 1534.43 0 0.367285 -1.09736 1.2705 0.999961 0.00451009 -0.00754116 -0.0085189 0.707948 -0.706213 0.00215367 0.70625 0.707959 0.0208975 -0.0302932 0.0237502 4000 3000 
311 3062.41 3062.41 1958.05 1534.43 0 -0.0980668 -0.73733 0.50508 -0.926651 0.0177906 0.3755 0.284977 0.68468 0.670822 -0.245163 0.728627 -0.639529 0.0208975 -0.0302932 0.0237502 4000 3000 
312 3062.41 3062.41 1958.05 1534.43 0 -0.568726 -0.26171 0.36233 0.37857 0.023187 0.925282 0.387271 0.904004 -0.181102 -0.840658 0.426895 0.333249 0.0208975 -0.0302932 0.0237502 4000 3000 
313 3062.41 3062.41 1958.05 1534.43 0 -0.0577808 -0.393428 0.587205 -0.95331 0.0086691 0.301868 0.211868 0.731508 0.64808 -0.2152 0.681777 -0.699191 0.0208975 -0.0302932 0.0237502 4000 3000 
314 3062.41 3062.41 1958.05 1534.43 0 0.601854 0.0939461 0.0502424 0.249815 0.0299286 0.967831 0.678973 0.707204 -0.197125 -0.690353 0.706376 0.156349 0.0208975 -0.0302932 0.0237502 4000 3000 
315 3062.41 3062.41 1958.05 1534.43 0 -0.289888 -0.697445 0.873991 0.974794 0.00801743 -0.222964 -0.162193 0.711691 -0.683513 0.153201 0.702447 0.695052 0.0208975 -0.0302932 0.0237502 4000 3000 
316 3062.41 3062.41 1958.05 1534.43 0 -0.451056 -0.465032 0.813542 -0.65047 0.0304808 0.75892 0.330036 0.911277 0.246274 -0.68408 0.410665 -0.602818 0.0208975 -0.0302932 0.0237502 4000 3000 
317 3062.41 3062.41 1958.05 1534.43 0 0.158171 -0.751102 0.601678 -0.958809 0.0145354 -0.283681 -0.18427 0.728206 0.660122 0.216173 0.685204 -0.695532 0.0208975 -0.0302932 0.0237502 4000 3000 
318 3062.41 3062.41 1958.05 1534.43 0 -0.171319 0.389769 0.0938995 -0.954979 -0.0134881 0.296366 0.296062 0.0207116 0.954944 -0.0190186 0.999695 -0.0157859 0.0208975 -0.0302932 0.0237502 4000 3000 
319 3062.41 3062.41 1958.05 1534.43 0 0.0830984 -0.173275 -0.125093 0.942661 0.00523558 -0.333712 -0.191621 0.827146 -0.52831 0.273262 0.561963 0.780721 0.0208975 -0.0302932 0.0237502 4000 3000 
320 3062.41 3062.41 1958.05 1534.43 0 0.467985 -0.493826 0.300518 -0.216741 0.00867299 -0.976191 -0.677103 0.719006 0.156723 0.703246 0.69495 -0.149965 0.0208975 -0.0302932 0.0237502 4000 3000 
321 3062.41 3062.41 1958.05 1534.43 0 0.181479 -0.197846 -0.0991263 0.848568 0.00401235 -0.52907 -0.296814 0.831406 -0.469751 0.437987 0.555651 0.706696 0.0208975 -0.0302932 0.0237502 4000 3000 
322 3062.41 3062.41 1958.05 1534.43 0 -0.0819065 -0.232258 0.424971 -0.959819 0.00437482 0.280585 0.193881 0.733195 0.651794 -0.202872 0.680005 -0.704583 0.0208975 -0.0302932 0.0237502 4000 3000 
323 3062.41 3062.41 1958.05 1534.43 0 -0.491654 -0.399888 0.237489 0.205711 0.0239291 0.97832 0.546602 0.826415 -0.135147 -0.811733 0.562553 0.156923 0.0208975 -0.0302932 0.0237502 4000 3000 
324 3062.41 3062.41 1958.05 1534.43 0 0.29462 -0.858288 1.0028 0.295729 0.0311893 0.954763 0.677417 0.69785 -0.23262 -0.673536 0.715565 0.185246 0.0208975 -0.0302932 0.0237502 4000 3000 
325 3062.41 3062.41 1958.05 1534.43 0 0.0646311 -0.602512 0.806741 -0.261856 0.0043535 -0.965097 -0.661548 0.727287 0.182776 0.702699 0.686319 -0.187564 0.0208975 -0.0302932 0.0237502 4000 3000 
326 3062.41 3062.41 1958.05 1534.43 0 -0.419903 -0.481481 0.261557 -0.132106 0.0249071 0.990923 0.741843 0.665519 0.0821717 -0.657432 0.745965 -0.106396 0.0208975 -0.0302932 0.0237502 4000 3000 
327 3062.41 3062.41 1958.05 1534.43 0 -0.403871 -0.103239 -0.0696264 0.618865 0.0151977 0.78535 0.646158 0.558649 -0.519991 -0.446638 0.829265 0.335908 0.0208975 -0.0302932 0.0237502 4000 3000 
328 3062.41 3062.41 1958.05 1534.43 0 0.451831 -0.504885 0.460966 -0.304833 0.00950646 -0.952358 -0.592048 0.781377 0.197304 0.746027 0.623987 -0.232561 0.0208975 -0.0302932 0.0237502 4000 3000 
329 3062.41 3062.41 1958.05 1534.43 0 0.0927534 -0.534177 0.703005 0.975014 0.0118936 -0.221824 -0.163428 0.714753 -0.680014 0.150462 0.699276 0.698838 0.0208975 -0.0302932 0.0237502 4000 3000 
330 3062.41 3062.41 1958.05 1534.43 0 -0.479933 -0.49723 0.384629 -0.158337 0.0279531 0.986989 0.554384 0.829684 0.0654386 -0.81706 0.557533 -0.146866 0.0208975 -0.0302932 0.0237502 4000 3000 
331 3062.41 3062.41 1958.05 1534.43 0 -0.357698 -0.137663 0.333294 -0.952351 0.0276854 0.303746 0.2281 0.725769 0.649023 -0.202481 0.687382 -0.697501 0.0208975 -0.0302932 0.0237502 4000 3000 
332 3062.41 3062.41 1958.05 1534.43 0 -0.489901 -0.175216 0.359954 -0.260379 -0.000541032 -0.965506 -0.66537 0.724728 0.179031 0.699633 0.689035 -0.189064 0.0208975 -0.0302932 0.0237502 4000 3000 
333 3062.41 3062.41 1958.05 1534.43 0 0.12924 -0.848402 0.998501 0.294873 0.0251084 0.955207 0.678273 0.698625 -0.227747 -0.67305 0.715047 0.188975 0.0208975 -0.0302932 0.0237502 4000 3000 
334 3062.41 3062.41 1958.05 1534.43 0 -0.221758 -0.174781 0.364213 -0.267042 0.0144176 -0.963577 -0.660514 0.725343 0.193905 0.701719 0.688237 -0.184174 0.0208975 -0.0302932 0.0237502 4000 3000 
335 3062.41 3062.41 1958.05 1534.43 0 -0.204711 -0.512269 0.929543 -0.968252 0.0259353 0.248628 0.122713 0.915829 0.382359 -0.217784 0.40073 -0.889936 0.0208975 -0.0302932 0.0237502 4000 3000 
336 3062.41 3062.41 1958.05 1534.43 0 -0.191851 -0.631672 0.799088 0.238708 0.00996626 0.97104 0.687496 0.704478 -0.176235 -0.685833 0.709655 0.161313 0.0208975 -0.0302932 0.0237502 4000 3000 
337 3062.41 3062.41 1958.05 1534.43 0 0.489822 -0.291144 0.0663373 0.215193 0.00258798 -0.976568 -0.718552 0.677627 -0.156541 0.661344 0.735401 0.14768 0.0208975 -0.0302932 0.0237502 4000 3000 
338 3062.41 3062.41 1958.05 1534.43 0 -0.0433751 -0.486857 0.664022 0.238144 0.0281837 0.970821 0.680744 0.708106 -0.187545 -0.69273 0.705543 0.149445 0.0208975 -0.0302932 0.0237502 4000 3000 
339 3062.41 3062.41 1958.05 1534.43 0 0.0248618 -0.578402 0.74292 0.245979 -0.00025845 0.969275 0.685531 0.706998 -0.173783 -0.685231 0.707215 0.174084 0.0208975 -0.0302932 0.0237502 4000 3000 
340 3062.41 3062.41 1958.05 1534.43 0 -0.440135 -0.387316 0.54293 0.974331 -0.00362608 -0.225092 -0.155671 0.711429 -0.6853 0.162622 0.702749 0.692602 0.0208975 -0.0302932 0.0237502 4000 3000 
341 3062.41 3062.41 1958.05 1534.43 0 0.169588 -0.430326 0.624879 -0.268376 0.0102919 -0.963259 -0.664875 0.721603 0.192952 0.697077 0.69223 -0.186818 0.0208975 -0.0302932 0.0237502 4000 3000 
342 3062.41 3062.41 1958.05 1534.43 0 0.644965 -0.0460379 0.188526 0.24739 0.0319468 0.968389 0.680837 0.705388 -0.197201 -0.68939 0.708101 0.152756 0.0208975 -0.0302932 0.0237502 4000 3000 
343 3062.41 3062.41 1958.05 1534.43 0 -0.490039 -0.172828 0.363346 -0.256048 0.000766904 -0.966664 -0.66679 0.723874 0.177192 0.699879 0.689931 -0.184835 0.0208975 -0.0302932 0.0237502 4000 3000 
344 3062.41 3062.41 1958.05 1534.43 0 0.282015 -0.0783324 -0.111555 0.817079 -0.00283257 -0.576518 -0.429165 0.664739 -0.611506 0.384966 0.74707 0.541929 0.0208975 -0.0302932 0.0237502 4000 3000 
345 3062.41 3062.41 1958.05 1534.43 0 -0.186271 -0.833327 0.993008 0.288018 0.0207817 0.9574 0.6785 0.701092 -0.219334 -0.675784 0.712768 0.187827 0.0208975 -0.0302932 0.0237502 4000 3000 
346 3062.41 3062.41 1958.05 1534.43 0 0.483099 -0.727872 0.873835 0.260516 0.0308347 0.964977 0.676752 0.707008 -0.205295 -0.688577 0.706533 0.163319 0.0208975 -0.0302932 0.0237502 4000 3000 
347 3062.41 3062.41 1958.05 1534.43 0 -0.237303 -0.540565 0.705542 0.974309 0.00842847 -0.225059 -0.163827 0.712236 -0.682555 0.154542 0.70189 0.695318 0.0208975 -0.0302932 0.0237502 4000 3000 
348 3062.41 3062.41 1958.05 1534.43 0 0.140106 -0.378345 0.536909 0.973322 0.0117443 -0.229141 -0.168669 0.713662 -0.67988 0.155544 0.700392 0.696604 0.0208975 -0.0302932 0.0237502 4000 3000 
349 3062.41 3062.41 1958.05 1534.43 0 0.213924 -0.45592 0.612514 0.97837 -0.000761718 -0.206862 -0.145774 0.706972 -0.692056 0.146772 0.707241 0.691569 0.0208975 -0.0302932 0.0237502 4000 3000 
350 3062.41 3062.41 1958.05 1534.43 0 -0.0915399 -0.168509 -0.12791 0.999541 0.00816288 0.0291722 0.00979884 0.824112 -0.566342 -0.0286642 0.566368 0.823654 0.0208975 -0.0302932 0.0237502 4000 3000 
351 3062.41 3062.41 1958.05 1534.43 0 -0.440561 -0.553639 0.471111 -0.37892 0.0286552 0.924986 0.518816 0.834253 0.186688 -0.766323 0.550637 -0.330982 0.0208975 -0.0302932 0.0237502 4000 3000 
352 3062.41 3062.41 1958.05 1534.43 0 0.293461 -0.611568 0.772095 0.979164 0.000986846 -0.203069 -0.144176 0.707596 -0.691753 0.143008 0.706617 0.692994 0.0208975 -0.0302932 0.0237502 4000 3000 
353 3062.41 3062.41 1958.05 1534.43 0 -0.0410572 -0.106061 -0.0731267 0.999593 0.0027089 -0.0283928 -0.0226247 0.68146 -0.731505 0.017367 0.73185 0.681244 0.0208975 -0.0302932 0.0237502 4000 3000 
354 3062.41 3062.41 1958.05 1534.43 0 0.27961 -1.1578 1.31636 0.999894 0.00470123 -0.0138004 -0.0131386 0.700835 -0.713203 0.00631884 0.713308 0.700822 0.0208975 -0.0302932 0.0237502 4000 3000 
355 3062.41 3062.41 1958.05 1534.43 0 -0.362077 -0.622964 0.790084 0.978705 -0.0130309 -0.204857 -0.134729 0.712159 -0.688968 0.154868 0.701897 0.695239 0.0208975 -0.0302932 0.0237502 4000 3000 
356 3062.41 3062.41 1958.05 1534.43 0 0.414058 -0.665368 0.830394 -0.959843 0.0353977 0.278297 0.219193 0.713759 0.665208 -0.17509 0.699496 -0.692855 0.0208975 -0.0302932 0.0237502 4000 3000 
357 3062.41 3062.41 1958.05 1534.43 0 0.440833 -0.446378 0.268641 -0.169206 0.0172671 -0.98543 -0.526506 0.843639 0.105188 0.833163 0.536633 -0.133657 0.0208975 -0.0302932 0.0237502 4000 3000 
358 3062.41 3062.41 1958.05 1534.43 0 -0.403756 -0.231164 0.425107 -0.961387 -0.000203406 0.275201 0.187655 0.730977 0.656093 -0.201299 0.682402 -0.702713 0.0208975 -0.0302932 0.0237502 4000 3000 
359 3062.41 3062.41 1958.05 1534.43 0 -0.373065 -0.152703 0.125758 0.865191 0.019048 0.501081 0.200455 0.902821 -0.380435 -0.459634 0.429594 0.777294 0.0208975 -0.0302932 0.0237502 4000 3000 
360 3062.41 3062.41 1958.05 1534.43 0 0.483822 -1.09574 1.26942 0.999951 0.00715822 -0.00682852 -0.00989079 0.709266 -0.704872 -0.000202384 0.704905 0.709302 0.0208975 -0.0302932 0.0237502 4000 3000 
361 3062.41 3062.41 1958.05 1534.43 0 0.333747 -0.673159 0.489739 -0.729063 0.0204847 -0.68414 -0.461162 0.723905 0.513119 0.505764 0.689595 -0.518325 0.0208975 -0.0302932 0.0237502 4000 3000 
362 3062.41 3062.41 1958.05 1534.43 0 0.50138 -0.848355 0.984254 0.238387 0.0340416 0.970573 0.689899 0.697451 -0.193911 -0.683529 0.715823 0.142778 0.0208975 -0.0302932 0.0237502 4000 3000 
363 3062.41 3062.41 1958.05 1534.43 0 -0.3378 0.0640792 0.100779 -0.951114 0.00357603 0.308819 0.308839 0.00895874 0.951072 0.000634429 0.999953 -0.0096252 0.0208975 -0.0302932 0.0237502 4000 3000 
364 3062.41 3062.41 1958.05 1534.43 0 0.158409 -1.16478 1.32576 0.999498 0.00220507 -0.0316072 -0.0240734 0.701435 -0.712327 0.0205996 0.71273 0.701136 0.0208975 -0.0302932 0.0237502 4000 3000 
365 3062.41 3062.41 1958.05 1534.43 0 0.379212 -0.761628 0.910593 0.255066 0.0189872 0.966737 0.682848 0.704331 -0.193998 -0.684587 0.709617 0.166686 0.0208975 -0.0302932 0.0237502 4000 3000 
366 3062.41 3062.41 1958.05 1534.43 0 0.405822 -0.24976 0.431211 -0.95943 0.01728 0.281417 0.20432 0.730407 0.651735 -0.194287 0.682793 -0.704305 0.0208975 -0.0302932 0.0237502 4000 3000 
367 3062.41 3062.41 1958.05 1534.43 0 -0.43488 -0.66369 0.881821 -0.298134 0.0232011 -0.954242 -0.649131 0.728014 0.220509 0.699818 0.685169 -0.201985 0.0208975 -0.0302932 0.0237502 4000 3000 
368 3062.41 3062.41 1958.05 1534.43 0 -0.308984 -0.644031 0.602893 -0.7405 0.0264129 0.671537 0.382922 0.837747 0.389295 -0.552296 0.545419 -0.630466 0.0208975 -0.0302932 0.0237502 4000 3000 
369 3062.41 3062.41 1958.05 1534.43 0 -0.481267 -0.558194 0.759511 -0.950158 0.00403839 0.311743 0.21686 0.72695 0.651549 -0.22399 0.686679 -0.691593 0.0208975 -0.0302932 0.0237502 4000 3000 
370 3062.41 3062.41 1958.05 1534.43 0 -0.188921 -0.380055 0.540078 0.972137 0.00927035 -0.234228 -0.170523 0.713592 -0.679492 0.160844 0.7005 0.69529 0.0208975 -0.0302932 0.0237502 4000 3000 
371 3062.41 3062.41 1958.05 1534.43 0 -0.209908 -0.460607 0.659587 -0.941716 0.0280997 0.335233 0.250933 0.722385 0.644354 -0.224062 0.69092 -0.687333 0.0208975 -0.0302932 0.0237502 4000 3000 
372 3062.41 3062.41 1958.05 1534.43 0 0.129226 -0.168218 0.346845 -0.950482 0.0319169 0.309135 0.234829 0.725311 0.647131 -0.203565 0.687681 -0.696891 0.0208975 -0.0302932 0.0237502 4000 3000 
373 3062.41 3062.41 1958.05 1534.43 0 -0.118273 0.161638 0.102885 -0.950793 -0.00417299 0.309799 0.30967 0.0189839 0.950654 -0.00984826 0.999811 -0.0167575 0.0208975 -0.0302932 0.0237502 4000 3000 
374 3062.41 3062.41 1958.05 1534.43 0 0.209783 -0.757032 0.914572 0.260676 0.0124877 0.965346 0.682492 0.704837 -0.193413 -0.682827 0.709259 0.175211 0.0208975 -0.0302932 0.0237502 4000 3000 
375 3062.41 3062.41 1958.05 1534.43 0 0.112958 -0.746549 0.506715 -0.996633 0.0135046 -0.0808676 -0.04945 0.687727 0.724283 0.065396 0.725843 -0.684744 0.0208975 -0.0302932 0.0237502 4000 3000 
376 3062.41 3062.41 1958.05 1534.43 0 0.371326 -0.29849 0.0447958 0.453247 0.00613398 -0.891364 -0.486189 0.839837 -0.241442 0.747119 0.542804 0.383636 0.0208975 -0.0302932 0.0237502 4000 3000 
377 3062.41 3062.41 1958.05 1534.43 0 0.132431 -0.183046 -0.114778 0.902091 0.00439323 -0.431524 -0.244862 0.828606 -0.503442 0.355352 0.559815 0.748554 0.0208975 -0.0302932 0.0237502 4000 3000 
378 3062.41 3062.41 1958.05 1534.43 0 0.304269 -0.19673 -0.00872039 0.683358 0.00291787 -0.730077 -0.541676 0.672491 -0.504325 0.489499 0.7401 0.461133 0.0208975 -0.0302932 0.0237502 4000 3000 
379 3062.41 3062.41 1958.05 1534.43 0 -0.182115 -0.472487 0.648765 0.234772 0.0169969 0.971902 0.684161 0.707368 -0.177636 -0.690512 0.706641 0.154442 0.0208975 -0.0302932 0.0237502 4000 3000 
380 3062.41 3062.41 1958.05 1534.43 0 0.449207 -0.193933 -0.0312202 0.221811 -0.00177964 -0.975088 -0.81149 0.554106 -0.185607 0.540633 0.832444 0.121463 0.0208975 -0.0302932 0.0237502 4000 3000 
381 3062.41 3062.41 1958.05 1534.43 0 0.555184 -0.263751 0.0584718 0.245752 -0.0140964 -0.96923 -0.713887 0.673764 -0.190808 0.655722 0.738812 0.155515 0.0208975 -0.0302932 0.0237502 4000 3000 
382 3062.41 3062.41 1958.05 1534.43 0 -0.222407 -0.386177 0.579361 -0.953436 -5.40949e-05 0.301595 0.205718 0.731141 0.650471 -0.220544 0.682226 -0.697085 0.0208975 -0.0302932 0.0237502 4000 3000 
383 3062.41 3062.41 1958.05 1534.43 0 0.560016 -0.0418248 0.192172 0.245739 0.0293226 0.968893 0.682328 0.704729 -0.194386 -0.688507 0.70887 0.153171 0.0208975 -0.0302932 0.0237502 4000 3000 
384 3062.41 3062.41 1958.05 1534.43 0 -0.17479 0.0530835 0.10326 -0.950989 0.00518929 0.30918 0.309212 0.00754598 0.950963 0.00260176 0.999958 -0.00878074 0.0208975 -0.0302932 0.0237502 4000 3000 
385 3062.41 3062.41 1958.05 1534.43 0 0.494262 -0.242634 0.393967 0.248184 0.031152 0.968212 0.675529 0.710797 -0.19603 -0.694309 0.702707 0.155365 0.0208975 -0.0302932 0.0237502 4000 3000 
386 3062.41 3062.41 1958.05 1534.43 0 0.0903184 0.0338341 0.105123 -0.948761 0.00886877 0.31587 0.315931 0.0066437 0.948759 0.00631578 0.999939 -0.0091052 0.0208975 -0.0302932 0.0237502 4000 3000 
387 3062.41 3062.41 1958.05 1534.43 0 0.460539 -0.514469 0.323837 -0.282566 0.00964741 -0.959199 -0.66339 0.720304 0.20267 0.692871 0.693591 -0.197134 0.0208975 -0.0302932 0.0237502 4000 3000 
388 3062.41 3062.41 1958.05 1534.43 0 -0.35718 -0.661924 0.508058 -0.567072 0.019767 0.823431 0.581719 0.717365 0.383392 -0.583122 0.696417 -0.418297 0.0208975 -0.0302932 0.0237502 4000 3000 
389 3062.41 3062.41 1958.05 1534.43 0 0.477041 -0.452763 0.257565 -0.094756 0.00771261 -0.995471 -0.694388 0.716025 0.0716444 0.713335 0.698032 -0.0624922 0.0208975 -0.0302932 0.0237502 4000 3000 
390 3062.41 3062.41 1958.05 1534.43 0 -0.359275 -0.524758 0.732951 -0.946621 0.000606458 0.32235 0.220352 0.731091 0.645717 -0.235275 0.68228 -0.692199 0.0208975 -0.0302932 0.0237502 4000 3000 
391 3062.41 3062.41 1958.05 1534.43 0 -0.154074 -0.782514 0.945486 0.974743 -0.00660924 -0.223232 -0.153341 0.7069 -0.690492 0.162367 0.707283 0.688032 0.0208975 -0.0302932 0.0237502 4000 3000 
392 3062.41 3062.41 1958.05 1534.43 0 0.193459 -0.579531 0.742411 0.243261 0.0118717 0.969888 0.682233 0.708685 -0.179787 -0.68948 0.705425 0.164296 0.0208975 -0.0302932 0.0237502 4000 3000 
393 3062.41 3062.41 1958.05 1534.43 0 0.418889 -0.339088 0.106175 0.29297 0.0105528 -0.956063 -0.520116 0.840803 -0.1501 0.802277 0.541239 0.251819 0.0208975 -0.0302932 0.0237502 4000 3000 
394 3062.41 3062.41 1958.05 1534.43 0 -0.546788 -0.409991 0.696278 -0.36815 0.0287251 0.929323 0.394596 0.909868 0.128195 -0.841878 0.413902 -0.346303 0.0208975 -0.0302932 0.0237502 4000 3000 
395 3062.41 3062.41 1958.05 1534.43 0 -0.469395 -0.518675 0.415961 -0.239354 0.0284228 0.970516 0.545312 0.830964 0.110152 -0.803333 0.555599 -0.214394 0.0208975 -0.0302932 0.0237502 4000 3000 
396 3062.41 3062.41 1958.05 1534.43 0 0.467729 -0.382128 0.109187 -0.264603 -0.00134726 -0.964357 -0.786009 0.579677 0.214857 0.558726 0.814845 -0.154443 0.0208975 -0.0302932 0.0237502 4000 3000 
397 3062.41 3062.41 1958.05 1534.43 0 -0.115664 -0.629251 0.826143 -0.942493 0.025389 0.33326 0.247373 0.723504 0.644476 -0.224753 0.689854 -0.688178 0.0208975 -0.0302932 0.0237502 4000 3000 
398 3062.41 3062.41 1958.05 1534.43 0 0.0622153 0.264121 0.103265 -0.94968 0.00331654 0.313204 0.313221 0.00994057 0.949628 3.6053e-05 0.999945 -0.0104792 0.0208975 -0.0302932 0.0237502 4000 3000 
399 3062.41 3062.41 1958.05 1534.43 0 0.547273 0.0400377 0.106813 0.243566 0.0215741 0.969644 0.684798 0.70415 -0.187682 -0.686824 0.709724 0.156733 0.0208975 -0.0302932 0.0237502 4000 3000 
400 3062.41 3062.41 1958.05 1534.43 0 -0.197237 -0.62586 0.786113 0.978593 -0.00911251 -0.205602 -0.139152 0.706754 -0.69364 0.15163 0.707401 0.690356 0.0208975 -0.0302932 0.0237502 4000 3000 
401 3062.41 3062.41 1958.05 1534.43 0 -0.483723 -0.375047 0.201017 0.296028 0.0227588 0.954908 0.531871 0.826464 -0.184581 -0.793398 0.562529 0.232552 0.0208975 -0.0302932 0.0237502 4000 3000 
402 3062.41 3062.41 1958.05 1534.43 0 -0.371703 -0.218388 0.0285897 0.572646 0.0134401 0.819692 0.612408 0.6577 -0.438619 -0.545007 0.75316 0.368399 0.0208975 -0.0302932 0.0237502 4000 3000 
403 3062.41 3062.41 1958.05 1534.43 0 -0.198988 -0.082609 -0.0923515 0.902099 0.00729518 0.431468 0.321879 0.654585 -0.684041 -0.287423 0.755953 0.588152 0.0208975 -0.0302932 0.0237502 4000 3000 
404 3062.41 3062.41 1958.05 1534.43 0 -0.181777 0.508572 0.107491 -0.950749 0.00285367 0.309949 0.309962 0.00915767 0.950705 -0.000125416 0.999954 -0.00959118 0.0208975 -0.0302932 0.0237502 4000 3000 
405 3062.41 3062.41 1958.05 1534.43 0 -0.277231 -0.616254 0.817908 -0.942854 0.0240251 0.332338 0.24549 0.724487 0.644091 -0.2253 0.688869 -0.688984 0.0208975 -0.0302932 0.0237502 4000 3000 
406 3062.41 3062.41 1958.05 1534.43 0 -0.584293 -0.2822 0.408476 0.278179 0.0247851 0.960209 0.402191 0.904808 -0.139873 -0.872272 0.425098 0.241731 0.0208975 -0.0302932 0.0237502 4000 3000 
407 3062.41 3062.41 1958.05 1534.43 0 -0.28836 -0.341841 0.534109 -0.280467 0.017271 -0.959708 -0.654665 0.727755 0.204417 0.701963 0.68562 -0.192805 0.0208975 -0.0302932 0.0237502 4000 3000 
408 3062.41 3062.41 1958.05 1534.43 0 0.161792 0.0647894 -0.181959 0.894918 -0.00379653 -0.446215 -0.375594 0.533513 -0.757821 0.240939 0.845783 0.476024 0.0208975 -0.0302932 0.0237502 4000 3000 
409 3062.41 3062.41 1958.05 1534.43 0 -0.264405 -0.671149 0.43567 -0.692386 0.0231454 0.721156 0.54268 0.675384 0.499355 -0.475499 0.737103 -0.480187 0.0208975 -0.0302932 0.0237502 4000 3000 
410 3062.41 3062.41 1958.05 1534.43 0 -0.13578 -0.760591 0.623857 -0.934107 0.0183639 0.356521 0.257203 0.727189 0.63643 -0.247571 0.686192 -0.683995 0.0208975 -0.0302932 0.0237502 4000 3000 
411 3062.41 3062.41 1958.05 1534.43 0 0.0431857 -0.319206 0.51054 -0.947426 0.0310518 0.318466 0.240349 0.726081 0.644235 -0.211227 0.686907 -0.695371 0.0208975 -0.0302932 0.0237502 4000 3000 
412 3062.41 3062.41 1958.05 1534.43 0 0.132837 -0.264395 0.457879 -0.253568 0.00412387 -0.967309 -0.669148 0.721376 0.178484 0.69853 0.692531 -0.180158 0.0208975 -0.0302932 0.0237502 4000 3000 
413 3062.41 3062.41 1958.05 1534.43 0 0.013504 -0.0330121 -0.142005 0.999877 0.00240271 -0.015528 -0.0131798 0.66629 -0.745576 0.00855474 0.745689 0.666239 0.0208975 -0.0302932 0.0237502 4000 3000 
414 3062.41 3062.41 1958.05 1534.43 0 0.229558 -0.626233 0.590553 -0.87578 0.0159112 -0.482448 -0.242099 0.850186 0.467517 0.41761 0.526242 -0.740724 0.0208975 -0.0302932 0.0237502 4000 3000 
415 3062.41 3062.41 1958.05 1534.43 0 -0.465314 -0.210133 0.00435812 0.370993 0.0195476 0.92843 0.762184 0.564741 -0.316453 -0.530508 0.825037 0.194616 0.0208975 -0.0302932 0.0237502 4000 3000 
416 3062.41 3062.41 1958.05 1534.43 0 -0.113086 -0.464947 0.620093 0.977974 -0.00616205 -0.208637 -0.143901 0.704143 -0.695324 0.151195 0.710031 0.687747 0.0208975 -0.0302932 0.0237502 4000 3000 
417 3062.41 3062.41 1958.05 1534.43 0 -0.474545 -0.27685 0.0521283 0.210905 0.020546 0.977291 0.799959 0.570941 -0.184639 -0.561768 0.820734 0.103979 0.0208975 -0.0302932 0.0237502 4000 3000 
418 3062.41 3062.41 1958.05 1534.43 0 0.0479172 -0.642343 0.833952 -0.942761 0.0271522 0.332361 0.248513 0.721792 0.645955 -0.222356 0.691578 -0.687225 0.0208975 -0.0302932 0.0237502 4000 3000 
419 3062.41 3062.41 1958.05 1534.43 0 -0.0332787 -0.26326 0.456947 -0.261669 0.00216014 -0.965155 -0.669446 0.71994 0.183109 0.695249 0.694033 -0.18694 0.0208975 -0.0302932 0.0237502 4000 3000 
420 3062.41 3062.41 1958.05 1534.43 0 0.410625 -0.407546 0.593209 -0.951654 0.0216049 0.306411 0.224808 0.728749 0.646827 -0.209322 0.68444 -0.698374 0.0208975 -0.0302932 0.0237502 4000 3000 
421 3062.41 3062.41 1958.05 1534.43 0 0.204413 -0.330209 0.517517 -0.946612 0.0340063 0.320578 0.243988 0.725527 0.643491 -0.210705 0.687353 -0.69509 0.0208975 -0.0302932 0.0237502 4000 3000 
422 3062.41 3062.41 1958.05 1534.43 0 0.322925 0.362029 0.100499 -0.951399 0.00253213 0.30795 0.307958 0.0123266 0.95132 -0.00138712 0.999921 -0.0125073 0.0208975 -0.0302932 0.0237502 4000 3000 
423 3062.41 3062.41 1958.05 1534.43 0 -0.448586 -0.336773 0.530414 -0.277162 0.0154495 -0.960699 -0.655975 0.727541 0.200949 0.702053 0.68589 -0.191512 0.0208975 -0.0302932 0.0237502 4000 3000 
424 3062.41 3062.41 1958.05 1534.43 0 -0.10006 -0.598821 0.806523 -0.264036 0.00259986 -0.964509 -0.661695 0.727072 0.1831 0.701744 0.686556 -0.190253 0.0208975 -0.0302932 0.0237502 4000 3000 
425 3062.41 3062.41 1958.05 1534.43 0 0.42937 0.0445562 0.107953 0.24399 0.0223097 0.969521 0.686355 0.702309 -0.188889 -0.685117 0.711523 0.156044 0.0208975 -0.0302932 0.0237502 4000 3000 
426 3062.41 3062.41 1958.05 1534.43 0 -0.373965 -0.255167 0.0138913 0.73296 0.013342 0.68014 0.37625 0.825012 -0.421653 -0.56675 0.564958 0.599681 0.0208975 -0.0302932 0.0237502 4000 3000 
427 3062.41 3062.41 1958.05 1534.43 0 0.218447 -0.659163 0.840442 -0.943992 0.0323613 0.328378 0.250264 0.718811 0.648598 -0.215052 0.694452 -0.68665 0.0208975 -0.0302932 0.0237502 4000 3000 
428 3062.41 3062.41 1958.05 1534.43 0 -0.374701 0.512659 0.0983999 -0.956988 -0.00525196 0.290081 0.289943 0.0184154 0.956867 -0.0103674 0.999817 -0.0161006 0.0208975 -0.0302932 0.0237502 4000 3000 
429 3062.41 3062.41 1958.05 1534.43 0 0.206642 0.141378 0.10603 -0.950446 0.00388498 0.310866 0.310891 0.0127281 0.95036 -0.000264597 0.999911 -0.0133051 0.0208975 -0.0302932 0.0237502 4000 3000 
430 3062.41 3062.41 1958.05 1534.43 0 0.262844 -0.52802 0.696733 0.975868 0.0156887 -0.217796 -0.163139 0.71537 -0.679435 0.145145 0.69857 0.700666 0.0208975 -0.0302932 0.0237502 4000 3000 
431 3062.41 3062.41 1958.05 1534.43 0 -0.391601 -0.484775 0.85589 -0.754135 0.0300654 0.65603 0.28945 0.911905 0.290944 -0.58949 0.409299 -0.696402 0.0208975 -0.0302932 0.0237502 4000 3000 
432 3062.41 3062.41 1958.05 1534.43 0 -0.426842 -0.573889 0.500977 -0.458399 0.0264599 0.888353 0.498273 0.835339 0.232233 -0.735931 0.549097 -0.396103 0.0208975 -0.0302932 0.0237502 4000 3000 
433 3062.41 3062.41 1958.05 1534.43 0 0.129357 -0.561028 0.761927 -0.946103 0.0161883 0.323462 0.232478 0.729305 0.643482 -0.225486 0.683997 -0.693761 0.0208975 -0.0302932 0.0237502 4000 3000 
434 3062.41 3062.41 1958.05 1534.43 0 0.142786 -1.16406 1.32994 0.999208 0.000791229 -0.0397763 -0.0288651 0.702459 -0.711138 0.0273786 0.711724 0.701926 0.0208975 -0.0302932 0.0237502 4000 3000 
435 3062.41 3062.41 1958.05 1534.43 0 -0.26225 -0.116631 -0.0615894 0.822761 0.0086881 0.568321 0.425328 0.653864 -0.625745 -0.377041 0.756562 0.534279 0.0208975 -0.0302932 0.0237502 4000 3000 
436 3062.41 3062.41 1958.05 1534.43 0 0.488212 -0.491792 0.255167 -0.351769 0.00223609 -0.936084 -0.681412 0.685031 0.257702 0.641823 0.728511 -0.239449 0.0208975 -0.0302932 0.0237502 4000 3000 
437 3062.41 3062.41 1958.05 1534.43 0 0.508182 -0.347025 0.120814 0.0490209 0.00203509 -0.998796 -0.733185 0.679148 -0.0346009 0.67826 0.733998 0.0347845 0.0208975 -0.0302932 0.0237502 4000 3000 
438 3062.41 3062.41 1958.05 1534.43 0 0.354742 -0.122329 -0.0769498 0.689985 -0.00199413 -0.723821 -0.538029 0.667526 -0.514718 0.484195 0.744584 0.45951 0.0208975 -0.0302932 0.0237502 4000 3000 
439 3062.41 3062.41 1958.05 1534.43 0 0.477406 -0.336558 0.487401 0.256055 0.0358641 0.965997 0.669878 0.713876 -0.204067 -0.696921 0.699353 0.158767 0.0208975 -0.0302932 0.0237502 4000 3000 
440 3062.41 3062.41 1958.05 1534.43 0 0.244164 0.054386 0.108204 0.24532 0.0200648 0.969234 0.683909 0.70501 -0.187697 -0.687086 0.708914 0.159231 0.0208975 -0.0302932 0.0237502 4000 3000 
441 3062.41 3062.41 1958.05 1534.43 0 0.209288 -0.0523217 -0.128455 0.901376 -0.00268141 -0.43303 -0.322861 0.662251 -0.676155 0.288587 0.749278 0.596071 0.0208975 -0.0302932 0.0237502 4000 3000 
442 3062.41 3062.41 1958.05 1534.43 0 0.367334 -0.339801 0.527257 -0.944906 0.034304 0.325541 0.246732 0.72819 0.639424 -0.215121 0.684517 -0.696534 0.0208975 -0.0302932 0.0237502 4000 3000 
443 3062.41 3062.41 1958.05 1534.43 0 -0.55162 -0.238085 0.312413 0.482864 0.0228522 0.875397 0.366625 0.902555 -0.225789 -0.795254 0.429968 0.427433 0.0208975 -0.0302932 0.0237502 4000 3000 
444 3062.41 3062.41 1958.05 1534.43 0 -0.278478 -0.298657 0.497849 -0.949967 0.0283336 0.311063 0.233392 0.726234 0.646616 -0.207583 0.686863 -0.696511 0.0208975 -0.0302932 0.0237502 4000 3000 
445 3062.41 3062.41 1958.05 1534.43 0 0.20064 -0.21732 0.408739 -0.273876 0.0179682 -0.961597 -0.660456 0.723289 0.201622 0.699135 0.690312 -0.186224 0.0208975 -0.0302932 0.0237502 4000 3000 
446 3062.41 3062.41 1958.05 1534.43 0 0.673583 -0.116543 0.254814 0.246221 0.0294182 0.968767 0.681376 0.705589 -0.194604 -0.689276 0.70801 0.153686 0.0208975 -0.0302932 0.0237502 4000 3000 
447 3062.41 3062.41 1958.05 1534.43 0 -0.467577 -0.407625 0.147351 -0.118836 0.0269788 0.992547 0.812737 0.576884 0.0816275 -0.570382 0.816381 -0.0904815 0.0208975 -0.0302932 0.0237502 4000 3000 
448 3062.41 3062.41 1958.05 1534.43 0 0.310935 -0.117174 0.282856 0.245482 0.0150288 0.969285 0.679778 0.710176 -0.183172 -0.691116 0.703863 0.164119 0.0208975 -0.0302932 0.0237502 4000 3000 
449 3062.41 3062.41 1958.05 1534.43 0 0.163278 -1.10768 1.25896 0.999939 0.00485684 -0.00993171 -0.0104843 0.701628 -0.712466 0.00350803 0.712527 0.701636 0.0208975 -0.0302932 0.0237502 4000 3000 
450 3062.41 3062.41 1958.05 1534.43 0 -0.227395 -0.771008 0.936331 0.268537 -0.0014391 0.963268 0.682928 0.705524 -0.189331 -0.679336 0.708685 0.190442 0.0208975 -0.0302932 0.0237502 4000 3000 
451 3062.41 3062.41 1958.05 1534.43 0 0.52519 -0.412643 0.340553 -0.122324 0.0121506 -0.992416 -0.558326 0.825858 0.0789301 0.820554 0.563747 -0.0942384 0.0208975 -0.0302932 0.0237502 4000 3000 
452 3062.41 3062.41 1958.05 1534.43 0 -0.188024 -0.747558 0.60859 -0.877766 0.0158631 0.478827 0.339541 0.7257 0.598391 -0.337992 0.687829 -0.642381 0.0208975 -0.0302932 0.0237502 4000 3000 
453 3062.41 3062.41 1958.05 1534.43 0 -0.00721268 0.382118 0.09759 -0.95364 -0.0041032 0.300923 0.300811 0.0175155 0.953523 -0.00918332 0.999838 -0.0154692 0.0208975 -0.0302932 0.0237502 4000 3000 
454 3062.41 3062.41 1958.05 1534.43 0 -0.528792 -0.641631 0.8538 -0.274162 0.00967701 -0.961635 -0.658698 0.726671 0.195107 0.70068 0.686918 -0.192851 0.0208975 -0.0302932 0.0237502 4000 3000 
455 3062.41 3062.41 1958.05 1534.43 0 1.36539 -0.0901223 0.97392 0.648802 0.0220172 0.760638 0.115453 0.985161 -0.126994 -0.752148 0.170212 0.636633 0.0208975 -0.0302932 0.0237502 4000 3000 
456 3062.41 3062.41 1958.05 1534.43 0 0.346216 -0.280178 0.0175775 0.526006 0.00668847 -0.850455 -0.465953 0.838804 -0.281595 0.711481 0.544392 0.444332 0.0208975 -0.0302932 0.0237502 4000 3000 
457 3062.41 3062.41 1958.05 1534.43 0 -0.117619 -0.308723 0.503492 -0.948676 0.0289624 0.314922 0.236397 0.726413 0.645322 -0.210073 0.686648 -0.695977 0.0208975 -0.0302932 0.0237502 4000 3000 
458 3062.41 3062.41 1958.05 1534.43 0 -0.181328 -0.713615 0.475427 -0.831634 0.0218508 0.554894 0.419753 0.678948 0.60236 -0.363582 0.733861 -0.573808 0.0208975 -0.0302932 0.0237502 4000 3000 
459 3062.41 3062.41 1958.05 1534.43 0 -0.148972 -0.313827 0.488765 0.254451 0.0236249 0.966797 0.677387 0.709142 -0.19561 -0.690218 0.704669 0.164439 0.0208975 -0.0302932 0.0237502 4000 3000 
460 3062.41 3062.41 1958.05 1534.43 0 -0.455983 -0.184182 0.187902 0.735403 0.0215377 0.677288 0.277035 0.902594 -0.329508 -0.618413 0.429953 0.657803 0.0208975 -0.0302932 0.0237502 4000 3000 
461 3062.41 3062.41 1958.05 1534.43 0 -0.385046 -0.372236 0.566389 -0.95433 -0.00729848 0.298665 0.19828 0.73231 0.651465 -0.22347 0.680932 -0.697418 0.0208975 -0.0302932 0.0237502 4000 3000 
462 3062.41 3062.41 1958.05 1534.43 0 0.321834 -0.120091 0.285648 0.2511 0.0261421 0.967608 0.675763 0.710976 -0.194573 -0.693032 0.702731 0.16086 0.0208975 -0.0302932 0.0237502 4000 3000 
463 3062.41 3062.41 1958.05 1534.43 0 -0.0798252 -0.227671 0.395487 0.244158 -0.00159342 0.969734 0.681518 0.711681 -0.170422 -0.68987 0.702501 0.174848 0.0208975 -0.0302932 0.0237502 4000 3000 
464 3062.41 3062.41 1958.05 1534.43 0 0.159072 0.101923 0.0618486 0.24936 0.0258575 0.968065 0.680501 0.706555 -0.19416 -0.689012 0.707186 0.158591 0.0208975 -0.0302932 0.0237502 4000 3000 
465 3062.41 3062.41 1958.05 1534.43 0 0.348898 -1.15425 1.31239 0.999951 0.00704676 -0.00702152 -0.00994738 0.701854 -0.712251 -9.09809e-05 0.712286 0.70189 0.0208975 -0.0302932 0.0237502 4000 3000 
466 3062.41 3062.41 1958.05 1534.43 0 0.378381 -0.636257 0.446183 -0.620734 0.019554 -0.783778 -0.532133 0.723659 0.439491 0.575781 0.689881 -0.438794 0.0208975 -0.0302932 0.0237502 4000 3000 
467 3062.41 3062.41 1958.05 1534.43 0 0.389199 -0.153583 -0.0502486 0.599779 -0.00156736 -0.800164 -0.594386 0.668608 -0.446843 0.535697 0.743613 0.400086 0.0208975 -0.0302932 0.0237502 4000 3000 
468 3062.41 3062.41 1958.05 1534.43 0 0.158911 0.373176 0.0995779 -0.95237 -4.17092e-05 0.304945 0.304917 0.0135453 0.952283 -0.00417029 0.999908 -0.0128874 0.0208975 -0.0302932 0.0237502 4000 3000 
469 3062.41 3062.41 1958.05 1534.43 0 -0.464505 -0.510996 0.346291 -0.0889916 0.0178947 0.995872 0.706855 0.705554 0.0504869 -0.701738 0.70843 -0.0754373 0.0208975 -0.0302932 0.0237502 4000 3000 
470 3062.41 3062.41 1958.05 1534.43 0 0.303991 -1.10138 1.27046 0.999945 0.0054193 -0.00896399 -0.0101724 0.706548 -0.707592 0.00249883 0.707645 0.706564 0.0208975 -0.0302932 0.0237502 4000 3000 
471 3062.41 3062.41 1958.05 1534.43 0 -0.174485 -0.685046 0.350297 -0.897285 0.0138818 0.441234 0.364952 0.585679 0.723733 -0.248375 0.810424 -0.530587 0.0208975 -0.0302932 0.0237502 4000 3000 
472 3062.41 3062.41 1958.05 1534.43 0 0.283188 -0.489379 0.656544 0.236973 0.0321029 0.970986 0.677913 0.710449 -0.188936 -0.695901 0.703016 0.146594 0.0208975 -0.0302932 0.0237502 4000 3000 
473 3062.41 3062.41 1958.05 1534.43 0 -0.397949 -0.620013 0.458666 -0.425008 0.020074 0.904967 0.640679 0.712926 0.285074 -0.639452 0.700952 -0.31586 0.0208975 -0.0302932 0.0237502 4000 3000 
474 3062.41 3062.41 1958.05 1534.43 0 0.417185 -0.493094 0.337548 -0.341073 0.0162904 -0.939896 -0.499678 0.843757 0.195949 0.796236 0.536478 -0.279643 0.0208975 -0.0302932 0.0237502 4000 3000 
475 3062.41 3062.41 1958.05 1534.43 0 0.276571 -0.498406 0.685262 -0.93877 0.0358785 0.342671 0.261201 0.722696 0.63991 -0.224688 0.690234 -0.687817 0.0208975 -0.0302932 0.0237502 4000 3000 
476 3062.41 3062.41 1958.05 1534.43 0 -0.100391 -0.047885 -0.123219 0.974503 0.00407395 0.224336 0.165947 0.659848 -0.732846 -0.151013 0.751388 0.642348 0.0208975 -0.0302932 0.0237502 4000 3000 
477 3062.41 3062.41 1958.05 1534.43 0 0.631133 0.0769196 0.0647934 0.246297 0.028129 0.968786 0.679605 0.707646 -0.193325 -0.690996 0.706007 0.155175 0.0208975 -0.0302932 0.0237502 4000 3000 
478 3062.41 3062.41 1958.05 1534.43 0 0.405175 0.101007 0.0559844 0.246819 0.0262641 0.968706 0.682153 0.705298 -0.19293 -0.688293 0.708424 0.156165 0.0208975 -0.0302932 0.0237502 4000 3000 
479 3062.41 3062.41 1958.05 1534.43 0 0.379891 -0.549955 0.73803 -0.941359 0.026382 0.336373 0.249349 0.726019 0.640875 -0.227306 0.687168 -0.690023 0.0208975 -0.0302932 0.0237502 4000 3000 
